1 -0 0 0 0 1 -0 0 0 0 1 0
0.999928 -0.0113148 -0.00393584 2.1007 0.0113094 0.999935 -0.00140572 0.0221444 0.00395149 0.00136111 0.999991 0.0136098
0.999669 -0.0251122 -0.00563145 4.33742 0.0251144 0.999685 0.000335509 0.0893535 0.00562125 -0.000476828 0.999984 0.0342103
0.999248 -0.0387003 -0.00248074 6.71682 0.0387136 0.999235 0.00557338 0.188761 0.00226315 -0.00566523 0.999981 0.0567742
0.998889 -0.0471254 -0.000727657 9.17182 0.0471279 0.998881 0.00393147 0.319498 0.000541571 -0.00396139 0.999992 0.0715855
0.998627 -0.0523863 -8.80832e-05 11.7029 0.0523862 0.998627 -0.000540853 0.446551 0.000116295 0.000535496 1 0.0916329
0.998345 -0.0571923 -0.00607268 14.3125 0.0572251 0.998347 0.00536926 0.618825 0.00575556 -0.00570788 0.999967 0.113459
0.998111 -0.0613337 -0.00343154 16.9981 0.0613581 0.998087 0.00754125 0.794607 0.00296245 -0.00773756 0.999966 0.139431
0.997866 -0.0651655 -0.00401032 19.7388 0.0651873 0.997857 0.00557484 0.976401 0.00363844 -0.00582437 0.999976 0.169741
0.997862 -0.0652018 0.00439068 22.5259 0.0651601 0.997834 0.00903894 1.17756 -0.00497052 -0.00873352 0.99995 0.190616
0.998156 -0.0603746 0.0062073 25.3479 0.0603438 0.998165 0.00503122 1.35965 -0.00649967 -0.00464737 0.999968 0.189519
0.998359 -0.0572599 -0.000620551 28.2306 0.057263 0.99833 0.00761294 1.54322 0.000183598 -0.00763598 0.999971 0.209056
0.998228 -0.0589135 0.00832928 31.1593 0.0589786 0.998229 -0.00780536 1.70344 -0.00785469 0.00828278 0.999935 0.214148
0.997965 -0.0637557 0.000403388 34.1055 0.063757 0.997944 -0.00659606 1.89475 1.79774e-05 0.00660836 0.999978 0.22502
0.997821 -0.0658431 0.00412132 36.107 0.0658518 0.997827 -0.00201899 2.03206 -0.00397943 0.00228599 0.999989 0.239101
0.997633 -0.0678768 0.0109692 39.1049 0.0678651 0.997693 0.00143545 2.24683 -0.0110413 -0.000687633 0.999939 0.256263
0.997568 -0.0684275 0.013285 41.1145 0.0683889 0.997653 0.00333829 2.40667 -0.0134823 -0.00242162 0.999906 0.239385
0.997545 -0.0693957 0.00938169 44.095 0.069329 0.997567 0.00726274 2.62205 -0.00986287 -0.00659449 0.99993 0.239421
0.997383 -0.0716247 0.00987487 47.0552 0.0715915 0.997427 0.00367848 2.84478 -0.0101129 -0.0029619 0.999944 0.246044
0.997303 -0.0731345 0.0061865 49.9717 0.0730808 0.99729 0.00849912 3.07721 -0.00679131 -0.00802408 0.999945 0.2422
0.997234 -0.0735922 0.0104125 52.8839 0.0735884 0.997288 0.000748204 3.29029 -0.0104393 2.01041e-05 0.999946 0.256153
0.997028 -0.0757362 0.0141456 55.7453 0.0758039 0.997113 -0.00431538 3.51154 -0.013778 0.00537484 0.999891 0.258752
0.996735 -0.0783408 0.0195518 58.6018 0.0784872 0.996892 -0.00683411 3.73879 -0.0189556 0.00834635 0.999785 0.247248
0.996627 -0.0818094 0.00651816 61.3533 0.0817899 0.996644 0.00320465 3.98677 -0.00675846 -0.00266072 0.999974 0.24674
0.996332 -0.0849672 0.0101398 64.0049 0.0848834 0.996355 0.00842636 4.22911 -0.0108188 -0.00753475 0.999913 0.256751
0.995945 -0.0891949 0.0117266 66.5331 0.089058 0.995957 0.0117247 4.46805 -0.0127249 -0.0106328 0.999863 0.266632
0.995507 -0.0928602 0.0184907 68.9385 0.0925543 0.995567 0.0167641 4.70019 -0.0199655 -0.0149774 0.999688 0.263551
0.995209 -0.0971604 0.0108724 71.192 0.0969615 0.995134 0.0175324 4.93471 -0.0125229 -0.0163942 0.999787 0.264264
0.995021 -0.0995273 0.00522938 73.3007 0.0993794 0.994774 0.0234345 5.16291 -0.00753443 -0.0227982 0.999712 0.26568
0.994908 -0.100755 -0.00269916 75.8051 0.100773 0.994877 0.00804444 5.41603 0.00187482 -0.00827548 0.999964 0.299506
0.996469 -0.0837433 0.00603401 78.0435 0.0836671 0.996422 0.0119326 5.63358 -0.0070117 -0.0113856 0.999911 0.316507
0.999386 -0.0333758 0.010687 80.068 0.0331572 0.99925 0.020016 5.73228 -0.011347 -0.0196494 0.999743 0.343477
0.993451 0.112737 0.018594 82.3048 -0.113017 0.993484 0.014749 5.5645 -0.0168101 -0.0167538 0.999718 0.354695
0.953906 0.299551 0.0182577 83.8758 -0.299854 0.953833 0.0170216 5.1597 -0.0123159 -0.0217117 0.999688 0.350515
0.883406 0.468336 0.0159814 84.9057 -0.468573 0.883245 0.0178284 4.63618 -0.00576582 -0.0232382 0.999713 0.334289
0.77669 0.629695 0.0153897 85.8065 -0.629877 0.776557 0.0146265 3.91131 -0.00274075 -0.0210538 0.999775 0.363994
0.645194 0.763852 0.0159926 86.5384 -0.764017 0.645101 0.0110797 3.03646 -0.00185362 -0.0193671 0.999811 0.352034
0.506585 0.862035 0.0163757 87.1288 -0.86219 0.506469 0.0108717 2.05014 0.00107805 -0.0196264 0.999807 0.397122
0.342812 0.939393 -0.00445588 87.6885 -0.939404 0.342811 -0.000966498 0.61917 0.000619606 0.0045172 0.99999 0.396146
0.199327 0.97993 0.00239876 88.1861 -0.979817 0.199265 0.0158919 -1.29835 0.015095 -0.00551803 0.999871 0.430964
0.110458 0.993881 -0.000694436 88.4991 -0.993646 0.110447 0.0216635 -3.47912 0.0216076 -0.00170287 0.999765 0.484837
0.0678735 0.997623 -0.0118678 88.6372 -0.997499 0.0680907 0.0189739 -5.51167 0.0197369 0.0105502 0.99975 0.53517
0.0460373 0.998808 -0.0162348 88.7601 -0.998708 0.0463707 0.0207964 -7.7993 0.0215245 0.0152564 0.999652 0.580443
0.0365417 0.999074 -0.0227199 88.8635 -0.999133 0.036979 0.019131 -10.3927 0.0199534 0.0220011 0.999559 0.641076
0.0440014 0.998595 -0.0295434 88.9372 -0.998836 0.0445582 0.0184579 -12.5339 0.0197483 0.0286969 0.999393 0.691913
0.0559742 0.99797 -0.0303847 89.054 -0.998293 0.0564491 0.0150031 -14.8267 0.0166878 0.029493 0.999426 0.743274
0.0687166 0.997298 -0.0259635 89.2184 -0.997532 0.0690617 0.0126373 -17.2267 0.0143963 0.025031 0.999583 0.79112
0.0734275 0.997158 -0.0168774 89.4236 -0.996973 0.0738266 0.0243832 -19.6346 0.0255599 0.0150359 0.99956 0.856221
0.0735492 0.99722 -0.0119163 89.6363 -0.997047 0.0737903 0.0212451 -22.1084 0.0220654 0.0103186 0.999703 0.933908
0.0741596 0.997225 -0.0065284 89.8391 -0.997015 0.0742817 0.0210471 -24.5838 0.0214736 0.00494807 0.999757 1.01197
0.066881 0.997756 0.0031134 90.0513 -0.997554 0.0668032 0.0205767 -27.0256 0.0203226 -0.00448198 0.999783 1.093
0.0486824 0.998784 0.00775862 90.2085 -0.998688 0.0485511 0.016303 -29.4734 0.0159065 -0.00854211 0.999837 1.17307
0.0194042 0.999786 0.00722983 90.2925 -0.999682 0.0192846 0.0162597 -31.8791 0.0161168 -0.00754304 0.999842 1.23922
-0.0139092 0.999878 0.00704076 90.2918 -0.999799 -0.0140092 0.0143544 -34.2585 0.0144513 -0.00683969 0.999872 1.31093
-0.0458089 0.998928 0.00661019 90.2251 -0.99881 -0.0459122 0.016428 -36.5963 0.0167139 -0.00584978 0.999843 1.37378
-0.0742581 0.997226 0.0051789 90.0884 -0.997082 -0.0743375 0.0173328 -38.8659 0.0176697 -0.00387669 0.999836 1.44289
-0.0956131 0.995418 0.000449705 89.8883 -0.995322 -0.0956101 0.0138728 -41.0693 0.0138522 0.000878818 0.999904 1.50871
-0.104045 0.994561 -0.00486436 89.6683 -0.994528 -0.103993 0.00995071 -43.1882 0.00939072 0.00587306 0.999939 1.56862
-0.0953785 0.995416 -0.00708106 89.4082 -0.995359 -0.0952772 0.0134875 -45.7963 0.012751 0.00833461 0.999884 1.63606
-0.0451841 0.998968 -0.00457318 89.269 -0.998853 -0.0451055 0.016039 -48.1183 0.0158161 0.00529264 0.999861 1.70447
0.0611463 0.998129 0.000288928 89.3809 -0.997849 0.0611223 0.0237027 -50.2704 0.0236407 -0.00173764 0.999719 1.77537
0.23299 0.972449 0.00768618 89.8579 -0.972424 0.232886 0.0124441 -52.3444 0.0103112 -0.0103736 0.999893 1.83475
0.394928 0.918682 0.00740854 90.4875 -0.918681 0.394836 0.0114061 -53.7551 0.0075534 -0.0113107 0.999908 1.87465
0.571421 0.820655 -0.00178768 91.3262 -0.820439 0.571318 0.0218264 -54.9596 0.0189333 -0.0110054 0.99976 1.92366
0.728902 0.684589 -0.0062357 92.3628 -0.684262 0.728787 0.0256085 -55.9463 0.0220758 -0.0143993 0.999653 1.92891
0.851888 0.523696 0.0053398 93.5558 -0.52371 0.851751 0.0157542 -56.6923 0.00370221 -0.0162173 0.999862 1.96484
0.928645 0.370434 0.019934 94.8265 -0.370731 0.928634 0.0140202 -57.1994 -0.0133179 -0.0204099 0.999703 1.9943
0.974106 0.225205 0.0200189 97.1178 -0.225581 0.974039 0.0190232 -57.7485 -0.0152151 -0.0230465 0.999619 1.95392
0.980736 0.194393 0.0192049 99.1695 -0.195018 0.980015 0.0392247 -58.0687 -0.0111961 -0.0422144 0.999046 1.94111
0.978814 0.20474 0.00206223 101.373 -0.204668 0.978081 0.0383196 -58.5308 0.00582854 -0.0379298 0.999263 1.93898
0.974579 0.223364 0.0174691 103.791 -0.22392 0.973681 0.042485 -59.036 -0.00751976 -0.0453167 0.998944 1.93586
0.97311 0.230131 0.00981866 106.368 -0.230311 0.97278 0.0256097 -59.6548 -0.00365781 -0.0271824 0.999624 1.93278
0.974485 0.22438 0.00575982 108.421 -0.224439 0.973811 0.0363319 -60.12 0.00254317 -0.0366976 0.999323 1.93374
0.975763 0.218107 0.0177602 110.599 -0.218591 0.975268 0.0327114 -60.5985 -0.0101863 -0.0358008 0.999307 1.9475
0.978005 0.208489 0.00620275 112.859 -0.208569 0.977186 0.0400833 -61.0684 0.00229568 -0.0404953 0.999177 1.9429
0.979959 0.198935 0.0102201 115.246 -0.19917 0.979388 0.0336347 -61.5659 -0.00331828 -0.0349962 0.999382 1.95037
0.980363 0.196681 0.0143085 117.688 -0.197001 0.980054 0.02618 -62.0597 -0.00887397 -0.0284847 0.999555 1.95616
0.98007 0.198278 0.0122186 120.159 -0.198628 0.979086 0.0440222 -62.5233 -0.00323443 -0.0455718 0.998956 1.96456
0.978333 0.206463 0.0153857 122.687 -0.206991 0.976959 0.0520204 -63.0126 -0.00429096 -0.054078 0.998527 1.96014
0.9776 0.21021 0.010484 125.206 -0.21046 0.976844 0.0385064 -63.5648 -0.00214683 -0.0398504 0.999203 1.97701
0.976681 0.213788 0.0197059 127.744 -0.214442 0.975865 0.0412557 -64.1037 -0.0104104 -0.0445194 0.998954 2.00095
0.976269 0.216552 0.00179267 130.231 -0.216447 0.975458 0.0404141 -64.6441 0.00700311 -0.0398431 0.999181 1.98255
0.976586 0.213928 0.02267 132.742 -0.214565 0.976221 0.0308997 -65.1949 -0.0155206 -0.0350404 0.999265 2.03345
0.977406 0.21072 0.0165874 135.187 -0.211169 0.976893 0.0329636 -65.7039 -0.00925802 -0.0357216 0.999319 2.02804
0.978689 0.205127 0.00956377 137.636 -0.205335 0.978115 0.0335953 -66.2178 -0.00246314 -0.0348432 0.99939 2.03898
0.981055 0.193583 0.00748117 140.073 -0.193728 0.980291 0.0387231 -66.6855 0.000162419 -0.0394388 0.999222 2.05929
0.982003 0.188298 0.0146148 142.49 -0.188777 0.980953 0.0457683 -67.1346 -0.00571833 -0.0477035 0.998845 2.06407
0.983615 0.180154 0.00683317 144.888 -0.180284 0.982941 0.0363929 -67.5772 -0.000160266 -0.0370285 0.999314 2.08469
0.986791 0.161112 0.0169184 147.291 -0.161584 0.986348 0.0317404 -67.9824 -0.0115737 -0.0340549 0.999353 2.09869
0.988639 0.148102 0.0256812 149.702 -0.148951 0.988222 0.0350883 -68.3357 -0.0201821 -0.0385149 0.999054 2.086
0.991663 0.128457 0.0101413 152.108 -0.128733 0.991089 0.0342139 -68.6506 -0.00565592 -0.0352342 0.999363 2.08433
0.994627 0.103219 0.00792971 154.551 -0.103478 0.993526 0.0468898 -68.8848 -0.00303848 -0.0474584 0.998869 2.08283
0.996847 0.0783416 0.012606 157.04 -0.0788613 0.995727 0.0480495 -69.0801 -0.00878787 -0.0488921 0.998765 2.0849
0.998176 0.0555736 0.023564 159.531 -0.0567044 0.997118 0.0503946 -69.212 -0.0206955 -0.0516389 0.998451 2.07152
0.999005 0.0430566 0.0115955 161.997 -0.0436685 0.997299 0.0590602 -69.2986 -0.00902129 -0.0595079 0.998187 2.07785
0.999148 0.033984 0.02343 164.493 -0.0354641 0.997192 0.0659562 -69.3659 -0.0211228 -0.0667309 0.997547 2.04775
0.999613 0.020847 0.0184295 166.969 -0.0217508 0.998498 0.0502817 -69.4385 -0.0173536 -0.0506631 0.998565 2.02257
0.999817 -0.000852249 0.0191233 169.448 -0.000173414 0.998564 0.0535686 -69.4481 -0.0191415 -0.0535621 0.998381 1.98932
0.999445 -0.0197678 0.0268226 171.951 0.0188902 0.99929 0.0325851 -69.4332 -0.0274477 -0.0320603 0.999109 1.95828
0.999195 -0.0393954 0.00751434 174.454 0.039294 0.99914 0.0132019 -69.3797 -0.00802798 -0.012896 0.999885 1.9463
0.997867 -0.0563373 0.0329734 177.01 0.0552376 0.997916 0.0333617 -69.2074 -0.0347842 -0.0314692 0.998899 1.90358
0.997839 -0.0645288 0.012416 179.52 0.0640173 0.997228 0.0379341 -69.0164 -0.0148294 -0.0370573 0.999203 1.88473
0.997408 -0.0690322 0.0203023 182.073 0.0682727 0.997018 0.035983 -68.8334 -0.0227257 -0.0345036 0.999146 1.83257
0.997181 -0.0726953 0.0185673 184.632 0.072154 0.996991 0.0283236 -68.642 -0.0205705 -0.0269041 0.999426 1.80072
0.996973 -0.0773881 0.0074282 187.177 0.077222 0.996803 0.0205188 -68.4623 -0.00899236 -0.0198831 0.999762 1.79154
0.996549 -0.0810136 0.018097 189.727 0.0805724 0.996462 0.0239102 -68.2396 -0.01997 -0.0223696 0.99955 1.77306
0.996575 -0.0815805 0.0135553 192.249 0.0810677 0.9961 0.0348376 -68.007 -0.0163445 -0.0336193 0.999301 1.75626
0.996335 -0.0834921 0.0186097 194.751 0.0825617 0.995517 0.0461453 -67.772 -0.022379 -0.0444397 0.998761 1.72897
0.996221 -0.0862185 0.0104856 197.19 0.0856306 0.995197 0.0474357 -67.547 -0.014525 -0.0463586 0.998819 1.73052
0.995444 -0.0904927 0.0300377 199.546 0.0893386 0.995285 0.0377683 -67.3483 -0.0333139 -0.0349127 0.998835 1.68486
0.995897 -0.0893398 0.0143891 201.749 0.0887517 0.995354 0.0373311 -67.1328 -0.0176574 -0.0359009 0.999199 1.68036
0.996684 -0.081138 0.00611301 203.78 0.0809233 0.99628 0.0296316 -66.9449 -0.00849452 -0.0290386 0.999542 1.68845
0.997667 -0.0640376 0.0236757 205.815 0.0630578 0.997206 0.0400409 -66.7663 -0.0261737 -0.0384546 0.998918 1.68549
0.99936 -0.0357575 0.00123267 208.396 0.035679 0.998553 0.0402259 -66.6192 -0.00266926 -0.0401562 0.99919 1.67101
0.999812 -0.0108798 0.016072 210.984 0.0104517 0.999595 0.0264835 -66.5921 -0.0163536 -0.0263105 0.99952 1.67344
0.999698 -0.00756921 0.0233926 213.575 0.00685532 0.999513 0.0304486 -66.5711 -0.0236116 -0.030279 0.999263 1.65227
0.999939 -0.0108733 0.00216421 216.178 0.0107712 0.999032 0.0426531 -66.5289 -0.0026259 -0.0426272 0.999088 1.60949
0.999608 -0.0226487 0.0164621 218.211 0.0218595 0.998673 0.0466329 -66.4775 -0.0174965 -0.0462547 0.998776 1.61828
0.998713 -0.0340561 0.0375891 220.26 0.0327482 0.998855 0.0348779 -66.4314 -0.0387339 -0.033602 0.998684 1.57724
0.99893 -0.0421094 0.019144 222.305 0.0415941 0.998781 0.0265632 -66.345 -0.0202393 -0.0257384 0.999464 1.53011
0.998463 -0.045825 0.0311762 224.44 0.0455237 0.99891 0.0103085 -66.2803 -0.0316146 -0.00887338 0.999461 1.49131
0.99856 -0.0480475 0.023843 226.519 0.0482272 0.998812 -0.00701737 -66.1988 -0.0234775 0.00815715 0.999691 1.46025
0.998142 -0.0505225 0.0340493 228.619 0.0508829 0.998657 -0.00980326 -66.104 -0.0335083 0.0115176 0.999372 1.42664
0.998579 -0.0507603 0.0162588 230.642 0.0510406 0.998546 -0.0173155 -66.0075 -0.0153562 0.0181207 0.999718 1.40621
0.998561 -0.0506224 0.0176768 232.649 0.0507999 0.998661 -0.00973824 -65.894 -0.0171601 0.0106222 0.999796 1.38765
0.997865 -0.0542082 0.036439 235.148 0.0547377 0.998407 -0.0136934 -65.758 -0.0356386 0.0156588 0.999242 1.35598
0.995568 -0.0895752 0.0286357 237.364 0.0904063 0.995477 -0.0291774 -65.5552 -0.0258926 0.031637 0.999164 1.32608
0.983023 -0.180403 0.0334876 239.387 0.181427 0.98293 -0.030558 -65.1559 -0.0274032 0.0361148 0.998972 1.29243
0.944105 -0.328794 0.0236685 241.25 0.329322 0.943922 -0.0236086 -64.4828 -0.0145789 0.0300835 0.999441 1.30075
0.884206 -0.467004 0.00936386 242.467 0.466998 0.884254 0.00294119 -63.7688 -0.00965357 0.00177229 0.999952 1.313
0.791554 -0.611085 -0.00417206 243.48 0.610922 0.791142 0.0294699 -62.887 -0.0147079 -0.0258758 0.999557 1.28132
0.673975 -0.738748 0.00291291 244.338 0.737333 0.672917 0.0593536 -61.9057 -0.0458075 -0.037855 0.998233 1.24266
0.53937 -0.842068 0.00120762 244.983 0.839702 0.537961 0.0741505 -60.8311 -0.0630894 -0.0389806 0.997246 1.18424
0.384318 -0.923158 0.00887945 245.455 0.92143 0.384158 0.0582223 -59.7015 -0.0571595 -0.0141941 0.998264 1.12181
0.228217 -0.973606 0.0028013 245.744 0.972343 0.228065 0.0503448 -58.4592 -0.0496549 -0.0087657 0.998728 1.06327
0.0329118 -0.999458 -0.000206307 245.872 0.998446 0.0328692 0.0450066 -56.1233 -0.0449755 -0.00168724 0.998987 0.961959
-0.0487151 -0.998763 -0.0100057 245.749 0.99805 -0.0490668 0.0385784 -54.0209 -0.0390216 -0.00810684 0.999205 0.882225
-0.0714132 -0.997353 -0.0136517 245.553 0.996818 -0.0718473 0.0345089 -51.6837 -0.0353984 -0.0111438 0.999311 0.798498
-0.0712704 -0.997414 -0.00930921 245.348 0.996866 -0.0715463 0.0337573 -49.0102 -0.034336 -0.00687414 0.999387 0.701421
-0.0680584 -0.997652 -0.00768184 245.194 0.997228 -0.0682575 0.0296091 -46.7813 -0.0300639 -0.0056454 0.999532 0.628246
-0.0638447 -0.997945 -0.00543244 245.027 0.997486 -0.0639812 0.0304482 -44.3588 -0.0307332 -0.00347482 0.999522 0.549269
-0.0598704 -0.998205 -0.00149336 244.86 0.997643 -0.0598868 0.0334983 -41.7726 -0.0335276 0.000515714 0.999438 0.477839
-0.0580141 -0.998314 0.00197515 244.698 0.997371 -0.0578731 0.0435989 -39.1079 -0.0434111 0.00449931 0.999047 0.387601
-0.0620423 -0.998061 0.00497488 244.532 0.997417 -0.0618199 0.0365816 -36.4366 -0.0362032 0.00723164 0.999318 0.312279
-0.0706477 -0.997456 0.00946551 244.36 0.996258 -0.0700828 0.050587 -33.7752 -0.049795 0.0130039 0.998675 0.223287
-0.079057 -0.9968 0.0118006 244.152 0.995806 -0.0784203 0.047124 -31.1561 -0.0460478 0.0154766 0.998819 0.135324
-0.0844483 -0.996408 0.00631829 243.911 0.995497 -0.0840936 0.0437505 -28.5559 -0.043062 0.00998449 0.999023 0.0485844
-0.0846305 -0.996408 -0.00309422 243.639 0.995758 -0.0846871 0.0359856 -25.9751 -0.0361184 -3.56143e-05 0.999348 -0.0218995
-0.0790826 -0.996867 -0.0012189 243.41 0.996181 -0.0790734 0.0370232 -23.4139 -0.0370036 0.00171364 0.999314 -0.0811731
-0.0737987 -0.997189 0.0129319 243.226 0.99648 -0.0732167 0.0408333 -20.8915 -0.0397717 0.0158998 0.999082 -0.150819
-0.0694913 -0.997522 0.0110187 243.044 0.996859 -0.0690161 0.0388408 -18.3791 -0.0379841 0.0136831 0.999185 -0.209444
-0.0718357 -0.997368 0.00985774 242.857 0.996291 -0.0712816 0.048209 -15.9097 -0.0473794 0.0132843 0.998789 -0.283963
-0.0804186 -0.996729 0.00800719 242.654 0.995948 -0.0800259 0.0410326 -13.4726 -0.0402576 0.0112745 0.999126 -0.359122
-0.0940069 -0.995569 0.0021324 242.417 0.994842 -0.0938558 0.038488 -11.0621 -0.0381173 0.00573954 0.999257 -0.419455
-0.106859 -0.994241 -0.00814596 242.14 0.99331 -0.107113 0.043162 -8.67738 -0.0437859 -0.00347922 0.999035 -0.489834
-0.113083 -0.993414 -0.0184716 241.836 0.992675 -0.113755 0.0406919 -6.37129 -0.0425251 -0.0137348 0.999001 -0.556004
-0.114018 -0.993156 -0.0253318 241.545 0.992512 -0.114995 0.0411829 -4.1433 -0.043814 -0.0204465 0.99883 -0.635967
-0.11157 -0.993188 -0.0336044 241.28 0.992731 -0.112927 0.0416147 -2.06276 -0.045126 -0.0287172 0.998568 -0.704046
-0.100083 -0.99439 -0.0342295 240.988 0.99396 -0.101478 0.0417905 0.522204 -0.0450296 -0.0298402 0.99854 -0.779939
-0.0870531 -0.995706 -0.031473 240.755 0.995174 -0.0883558 0.0426858 2.87404 -0.0452833 -0.0276052 0.998593 -0.854109
-0.0693603 -0.997165 -0.0291593 240.586 0.99655 -0.0705935 0.0436372 4.95615 -0.0455719 -0.026032 0.998622 -0.915334
-0.0449473 -0.998636 -0.0265573 240.468 0.997703 -0.0462223 0.0495247 7.18797 -0.0506847 -0.0242703 0.99842 -0.984729
-0.010591 -0.999744 -0.0199936 240.43 0.998801 -0.0115325 0.0475766 9.29706 -0.047795 -0.0194657 0.998667 -1.0501
0.0158506 -0.999779 -0.0138139 240.446 0.999595 0.0155179 0.0238702 11.2985 -0.0236506 -0.0141866 0.99962 -1.11685
0.154958 -0.987819 -0.0141975 240.655 0.987639 0.154554 0.0261294 13.3852 -0.0236168 -0.0180709 0.999558 -1.15496
0.32095 -0.947087 0.00416038 241.09 0.94659 0.320919 0.0312747 14.6907 -0.030955 -0.00609946 0.999502 -1.17826
0.501378 -0.865219 0.00409547 241.698 0.864237 0.501024 0.0454954 15.8356 -0.0414154 -0.0192709 0.998956 -1.22834
0.644119 -0.764827 0.0122506 242.382 0.763963 0.64403 0.0398205 16.6284 -0.0383456 -0.0162902 0.999132 -1.25276
0.778774 -0.62729 0.00441764 243.263 0.626762 0.778373 0.0361276 17.3562 -0.026101 -0.0253664 0.999337 -1.28394
0.881919 -0.471189 0.0141305 244.456 0.470649 0.881809 0.030031 17.991 -0.0266107 -0.0198344 0.999449 -1.33988
0.961085 -0.276022 0.0113405 246.381 0.275701 0.960947 0.0238601 18.6451 -0.0174836 -0.019805 0.999651 -1.37051
0.990353 -0.137649 0.0159219 248.666 0.137307 0.990309 0.0208466 19.0683 -0.0186371 -0.0184593 0.999656 -1.41008
0.99695 -0.0759967 0.0177446 251.222 0.0757348 0.997015 0.0149944 19.3357 -0.0188311 -0.0136048 0.99973 -1.44264
0.998252 -0.05709 0.0152776 253.307 0.0568771 0.998283 0.0140265 19.4693 -0.0160522 -0.013133 0.999785 -1.47731
0.998534 -0.0509771 0.0182169 255.53 0.0507123 0.998605 0.0147131 19.5963 -0.0189415 -0.0137677 0.999726 -1.50694
0.99843 -0.0520699 0.0206268 257.883 0.0518425 0.99859 0.0114102 19.7271 -0.0211918 -0.0103229 0.999722 -1.5473
0.998383 -0.0562559 0.00817666 260.358 0.0561435 0.998333 0.0133771 19.8773 -0.00891557 -0.0128964 0.999877 -1.57921
0.998168 -0.0562078 0.0224113 262.966 0.0557559 0.998238 0.0203028 20.0364 -0.023513 -0.0190161 0.999543 -1.61609
0.998096 -0.057833 0.0214308 265.681 0.0576753 0.998304 0.0079067 20.1779 -0.0218517 -0.00665562 0.999739 -1.66244
0.998075 -0.0614361 0.00851801 268.499 0.0613797 0.998092 0.00673895 20.3525 -0.00891577 -0.00620314 0.999941 -1.69883
0.997793 -0.0625058 0.022406 271.44 0.0622551 0.997991 0.0117186 20.5524 -0.0230935 -0.0102978 0.99968 -1.73887
0.997767 -0.0617537 0.0254488 273.445 0.0615217 0.998058 0.0098037 20.6744 -0.0260048 -0.00821616 0.999628 -1.77151
0.9979 -0.0621348 0.0182808 275.485 0.0620157 0.998051 0.00701069 20.807 -0.0186808 -0.00586228 0.999808 -1.81053
0.997839 -0.0634575 0.0170717 277.55 0.0633464 0.997967 0.00697182 20.9327 -0.0174794 -0.00587532 0.99983 -1.83234
0.997522 -0.0665618 0.0227774 279.651 0.0664358 0.997771 0.00624308 21.0785 -0.0231422 -0.00471437 0.999721 -1.8599
0.997378 -0.0701772 0.017692 281.736 0.0702101 0.997531 -0.00124088 21.2194 -0.0175613 0.00247978 0.999843 -1.88776
0.997226 -0.0735522 0.0114249 283.851 0.0735285 0.99729 0.00247626 21.38 -0.0115761 -0.00162933 0.999932 -1.90174
0.996943 -0.0766113 0.0153491 285.961 0.076473 0.997027 0.00940024 21.5475 -0.0160236 -0.00819771 0.999838 -1.9052
0.996558 -0.0793976 0.0238324 288.085 0.0791277 0.996792 0.0120618 21.7281 -0.0247136 -0.0101345 0.999643 -1.92781
0.99642 -0.0808101 0.0248503 290.18 0.0805568 0.996689 0.011032 21.9112 -0.0256595 -0.00899068 0.99963 -1.95863
0.996535 -0.080718 0.0200772 292.256 0.080564 0.996714 0.00836504 22.0861 -0.0206864 -0.00671855 0.999763 -1.98624
0.996614 -0.0809277 0.0145389 294.329 0.0807882 0.996682 0.00994222 22.2593 -0.0152953 -0.00873399 0.999845 -2.00039
0.99662 -0.0801119 0.0181679 296.394 0.0798206 0.996677 0.0162316 22.4447 -0.0194079 -0.0147266 0.999703 -2.01563
0.996615 -0.0794515 0.0211337 298.449 0.0791225 0.996737 0.0159753 22.6232 -0.022334 -0.014249 0.999649 -2.03833
0.996494 -0.0786231 0.0285898 300.512 0.077995 0.996701 0.0224601 22.802 -0.0302614 -0.0201515 0.999339 -2.07468
0.996622 -0.0779448 0.0258803 302.55 0.0773868 0.99676 0.0219077 22.978 -0.027504 -0.0198309 0.999425 -2.11177
0.996834 -0.0775108 0.0177406 304.57 0.0769828 0.996618 0.0287295 23.1581 -0.0199074 -0.0272728 0.99943 -2.1389
0.996921 -0.0768671 0.015499 306.622 0.0762962 0.996486 0.0345629 23.3329 -0.0181013 -0.033274 0.999282 -2.16282
0.996874 -0.0769372 0.0179659 308.671 0.0762391 0.996412 0.036757 23.5108 -0.0207295 -0.0352724 0.999163 -2.18379
0.996784 -0.0773753 0.0208451 310.73 0.0765952 0.996415 0.0359318 23.6744 -0.0235506 -0.0342196 0.999137 -2.20646
0.996862 -0.0763001 0.0210686 312.787 0.0754626 0.996423 0.0380347 23.8481 -0.0238952 -0.0363254 0.999054 -2.24044
0.996989 -0.0745995 0.0211667 314.882 0.0737858 0.99659 0.0369248 24.016 -0.0238491 -0.0352518 0.999094 -2.27393
0.997039 -0.0737017 0.0219186 316.988 0.0728252 0.996605 0.0384086 24.1864 -0.024675 -0.0366986 0.999022 -2.31578
0.997184 -0.0727619 0.0181353 319.105 0.0720719 0.996743 0.0361695 24.3474 -0.020708 -0.0347606 0.999181 -2.34517
0.997191 -0.0731392 0.0161463 321.249 0.0724816 0.996641 0.0381244 24.5126 -0.0188805 -0.036847 0.999143 -2.3746
0.997056 -0.0727966 0.0240855 323.416 0.0718885 0.99674 0.0366374 24.6854 -0.0266741 -0.0347981 0.999038 -2.41555
0.996989 -0.072166 0.0283798 325.569 0.0711735 0.996865 0.0345547 24.8434 -0.0307846 -0.0324308 0.999 -2.46068
0.996989 -0.0723244 0.0279679 327.723 0.0714654 0.996974 0.0305837 25.0057 -0.0300952 -0.0284929 0.999141 -2.49515
0.997065 -0.0726019 0.0242971 329.848 0.0719282 0.997029 0.0275413 25.1676 -0.0262244 -0.0257129 0.999325 -2.53038
0.996927 -0.073285 0.0276597 331.981 0.072609 0.997055 0.0247004 25.3195 -0.0293884 -0.0226162 0.999312 -2.56976
0.996709 -0.073804 0.0335263 334.108 0.0732142 0.997145 0.0184935 25.4691 -0.0347955 -0.0159781 0.999267 -2.61026
0.996842 -0.074421 0.027718 336.198 0.0740889 0.997169 0.0128208 25.628 -0.0285937 -0.0107267 0.999534 -2.64485
0.99679 -0.0753944 0.026945 338.281 0.0751006 0.997107 0.0117563 25.7869 -0.0277534 -0.00969497 0.999568 -2.68422
0.996509 -0.0773121 0.0315128 340.327 0.076998 0.99697 0.011064 25.9405 -0.0322727 -0.00859898 0.999442 -2.70872
0.996211 -0.0789644 0.0364394 342.329 0.0787522 0.996868 0.00722574 26.0932 -0.0368959 -0.00432868 0.99931 -2.74515
0.996065 -0.0822785 0.0329325 345.275 0.0822045 0.996609 0.00359795 26.3498 -0.0331169 -0.000876591 0.999451 -2.80661
0.995863 -0.0846773 0.0329665 348.14 0.0845635 0.996406 0.00483427 26.5971 -0.0332573 -0.00202651 0.999445 -2.86355
0.995805 -0.0858693 0.0315943 350.885 0.0856245 0.996287 0.00902172 26.8539 -0.0322517 -0.00627863 0.99946 -2.90847
0.996103 -0.0824612 0.0312793 353.484 0.0821896 0.996568 0.00987261 27.0837 -0.031986 -0.0072633 0.999462 -2.95508
0.99641 -0.0772917 0.0345541 355.921 0.0771643 0.997006 0.00500553 27.2808 -0.0348375 -0.00232121 0.99939 -3.00543
0.996613 -0.07191 0.039882 358.169 0.0718286 0.997411 0.00347122 27.4537 -0.0400283 -0.000594792 0.999198 -3.04749
0.997158 -0.0678388 0.0327604 360.189 0.0678243 0.997696 0.00155319 27.6016 -0.0327902 0.000673171 0.999462 -3.07775
0.997221 -0.0653194 0.0358224 362.601 0.0652637 0.997864 0.00272204 27.7697 -0.0359237 -0.000376572 0.999354 -3.12901
0.996013 -0.0842023 0.0294713 364.65 0.0840722 0.996444 0.00562679 27.9611 -0.0298403 -0.00312664 0.99955 -3.15554
0.984252 -0.174562 0.0278422 366.914 0.174277 0.984619 0.0123882 28.383 -0.0295765 -0.00734087 0.999536 -3.20186
0.932658 -0.35902 0.0353972 368.989 0.358564 0.933318 0.018712 29.1669 -0.0397548 -0.00475977 0.999198 -3.25464
0.840767 -0.539646 0.043514 370.45 0.538618 0.841878 0.0336471 30.1172 -0.054791 -0.00485197 0.998486 -3.30763
0.732681 -0.678866 0.0481552 371.443 0.677362 0.734262 0.0451654 31.0634 -0.0660198 -0.0004733 0.997818 -3.40719
0.591442 -0.803888 0.0629342 372.321 0.803147 0.594245 0.0427559 32.2098 -0.0717692 0.0252578 0.997101 -3.48312
0.417405 -0.906143 0.0683928 373.004 0.906834 0.420204 0.0328713 33.5658 -0.058525 0.0483003 0.997117 -3.54734
0.22142 -0.972392 0.0736706 373.386 0.974411 0.22361 0.022838 35.0642 -0.0386809 0.0667287 0.997021 -3.65135
0.0405443 -0.997511 0.0576947 373.419 0.99803 0.0431971 0.0455019 36.6524 -0.0478809 0.0557362 0.997297 -3.63794
-0.0979992 -0.99467 0.0320732 373.141 0.993509 -0.0959129 0.0611558 38.863 -0.0577536 0.0378582 0.997613 -3.74813
-0.129563 -0.991255 0.025048 372.743 0.991056 -0.128641 0.0354764 41.2543 -0.0319439 0.0294204 0.999057 -3.85893
-0.126468 -0.991554 0.0287616 372.486 0.991352 -0.125312 0.0389638 43.277 -0.0350305 0.0334406 0.998827 -3.93328
-0.122799 -0.992164 0.0230434 372.192 0.99174 -0.121814 0.0401626 45.3779 -0.0370408 0.027785 0.998927 -3.98793
-0.109851 -0.99387 0.0124858 371.887 0.99331 -0.109321 0.0372154 47.6154 -0.0356223 0.0164904 0.999229 -4.06292
-0.0978647 -0.995179 0.00649241 371.635 0.994239 -0.0974814 0.044576 49.9983 -0.0437282 0.0108174 0.998985 -4.14713
-0.0878425 -0.996096 0.00868933 371.393 0.995278 -0.087402 0.0422223 52.5271 -0.041298 0.0123572 0.99907 -4.24518
-0.0791205 -0.996825 0.00895722 371.161 0.995316 -0.0784935 0.0564418 55.1812 -0.0555595 0.013381 0.998366 -4.36261
-0.0721626 -0.997303 0.0133791 370.945 0.996006 -0.0713486 0.0536799 57.891 -0.0525806 0.0171993 0.998469 -4.49145
-0.0713462 -0.997378 0.0121146 370.741 0.996206 -0.0706452 0.0508139 60.6707 -0.0498248 0.015694 0.998635 -4.61308
-0.0744937 -0.997174 0.00977959 370.523 0.995833 -0.0738692 0.0534703 63.4618 -0.0525968 0.013722 0.998522 -4.72546
-0.0778489 -0.996936 0.00762318 370.297 0.995489 -0.0773153 0.0549993 66.2347 -0.0542414 0.0118704 0.998457 -4.83818
-0.0837102 -0.996455 0.00837603 370.066 0.995206 -0.0831729 0.0514446 68.9786 -0.0505656 0.0126423 0.998641 -4.94012
-0.0951691 -0.995458 0.00247254 369.8 0.993714 -0.0948546 0.0594603 71.7195 -0.0589557 0.00811578 0.998228 -5.0593
-0.103286 -0.994649 -0.00217996 369.496 0.993284 -0.103259 0.0521902 74.4261 -0.0521361 0.00322521 0.998635 -5.17853
-0.106478 -0.994312 -0.00265954 369.198 0.992882 -0.106467 0.0533797 77.1359 -0.0533592 0.00304313 0.998571 -5.28187
-0.101648 -0.994818 -0.00238436 368.912 0.993561 -0.101639 0.050059 79.7895 -0.050042 0.00271938 0.998743 -5.39458
-0.08933 -0.995974 -0.00741901 368.631 0.994509 -0.0896013 0.0540645 82.4665 -0.0545116 -0.00254869 0.99851 -5.50125
-0.0744954 -0.997197 -0.00698569 368.4 0.995571 -0.0747732 0.0569811 85.0922 -0.0573438 -0.00270992 0.998351 -5.62189
-0.058767 -0.998256 -0.00565303 368.208 0.996868 -0.0589836 0.0526742 87.7255 -0.0529158 -0.00253982 0.998596 -5.73896
-0.0435141 -0.999034 -0.00613132 368.054 0.997572 -0.0437828 0.0541526 90.3275 -0.0543687 -0.00376004 0.998514 -5.84531
-0.0313357 -0.999502 -0.0037783 367.945 0.997742 -0.0315047 0.0593165 92.9273 -0.059406 -0.00191105 0.998232 -5.96758
-0.0246854 -0.999687 0.00412955 367.873 0.998094 -0.024412 0.0566705 95.4287 -0.056552 0.00552062 0.998384 -6.08264
-0.0232896 -0.999674 0.0104506 367.821 0.998259 -0.0226874 0.0544508 97.7557 -0.0541959 0.0117005 0.998462 -6.16726
-0.0299401 -0.999431 0.0155037 367.776 0.998032 -0.0290359 0.0555848 99.8928 -0.055103 0.0171374 0.998334 -6.2516
-0.0518202 -0.998414 0.022004 367.671 0.997097 -0.0504961 0.0569811 102.398 -0.0557797 0.0248929 0.998133 -6.34564
-0.0808133 -0.996495 0.0216185 367.479 0.995256 -0.0794959 0.0560943 104.795 -0.0541791 0.0260491 0.998191 -6.43983
-0.107103 -0.994026 0.0209843 367.232 0.993357 -0.10609 0.0445806 107.107 -0.0420881 0.0256196 0.998785 -6.52066
-0.127355 -0.991696 0.0179044 366.92 0.991157 -0.126567 0.0398595 109.464 -0.0372624 0.0228224 0.999045 -6.59484
-0.141073 -0.989951 0.00977176 366.55 0.989438 -0.140654 0.0350641 111.901 -0.0333373 0.0146152 0.999337 -6.67211
-0.143038 -0.98967 0.00969145 366.163 0.989007 -0.142558 0.0392663 114.482 -0.0374791 0.0152015 0.999182 -6.74722
-0.140602 -0.990064 -0.00227582 365.844 0.987861 -0.140441 0.0663903 116.566 -0.0660502 0.00708638 0.997791 -6.83293
-0.130648 -0.991407 -0.00653159 365.535 0.990365 -0.13081 0.04545 118.707 -0.0459139 -0.00053069 0.998945 -6.9429
-0.118614 -0.992878 -0.0111617 365.224 0.99049 -0.119103 0.0688776 121.046 -0.0697164 -0.00288568 0.997563 -7.08338
-0.107753 -0.994168 -0.00432343 364.938 0.992976 -0.107836 0.0486812 123.484 -0.0488635 0.000952504 0.998805 -7.20177
-0.0937115 -0.995331 -0.0230996 364.631 0.994149 -0.0948016 0.0517678 126.081 -0.053716 -0.0181133 0.998392 -7.33344
-0.0728179 -0.997204 -0.0167802 364.39 0.996769 -0.0733374 0.0327583 128.786 -0.0338973 -0.0143406 0.999322 -7.46516
-0.0513465 -0.998608 -0.012076 364.223 0.997768 -0.0518126 0.042114 131.674 -0.0426811 -0.00988669 0.99904 -7.55531
-0.035835 -0.999357 -0.00132477 364.102 0.998114 -0.0358565 0.0498205 134.627 -0.0498359 0.000463047 0.998757 -7.68606
-0.0332002 -0.999446 0.00217391 363.991 0.998264 -0.0330549 0.0487432 137.615 -0.0486444 0.00378842 0.998809 -7.80055
-0.0356942 -0.999363 -0.00037322 363.908 0.997936 -0.0356632 0.0534073 139.618 -0.0533865 0.00153388 0.998573 -7.88143
-0.0419773 -0.999119 0.000183691 363.821 0.997545 -0.0419009 0.05611 141.63 -0.0560529 0.00253859 0.998425 -7.9756
-0.0518263 -0.998599 0.0106678 363.69 0.997817 -0.0513421 0.0415252 144.605 -0.0409193 0.0127966 0.999081 -8.08902
-0.0584435 -0.998238 0.0102981 363.58 0.996931 -0.0578227 0.0527698 146.6 -0.0520814 0.0133505 0.998554 -8.16844
-0.0652295 -0.997861 0.00441071 363.365 0.996742 -0.064945 0.0478219 149.536 -0.0474331 0.00751574 0.998846 -8.27755
-0.0716282 -0.997426 0.00324086 363.15 0.996358 -0.0714 0.0466129 152.464 -0.0462615 0.00656785 0.998908 -8.3936
-0.0806517 -0.996712 0.00783003 362.931 0.994811 -0.0800041 0.0628553 155.388 -0.0620222 0.0128588 0.997992 -8.5156
-0.0898701 -0.995923 0.00780909 362.646 0.994782 -0.0893815 0.0491841 158.262 -0.0482856 0.0121885 0.998759 -8.63264
-0.0947581 -0.995475 0.00703194 362.375 0.993791 -0.0941793 0.0592362 161.136 -0.0583059 0.0126014 0.998219 -8.76106
-0.0970046 -0.995233 0.0100477 362.097 0.993243 -0.0961545 0.064986 163.97 -0.0637101 0.0162837 0.997836 -8.88951
-0.0942424 -0.995544 0.00313748 361.797 0.993761 -0.0938838 0.0602149 166.755 -0.0596521 0.0087927 0.998181 -9.03245
-0.0899049 -0.995935 0.00553267 361.524 0.994499 -0.0894727 0.0544677 169.519 -0.0537512 0.0103991 0.9985 -9.15833
-0.0874379 -0.99615 0.0063735 361.271 0.993925 -0.0868097 0.0676585 172.264 -0.0668447 0.0122507 0.997688 -9.29476
-0.0838699 -0.996448 0.00753751 361.029 0.994476 -0.0832201 0.0639669 174.877 -0.0631125 0.0128608 0.997924 -9.43059
-0.0821571 -0.996602 0.00587048 360.796 0.994222 -0.0815498 0.0697994 177.397 -0.0690835 0.0115711 0.997544 -9.56767
-0.0811093 -0.996566 0.0166575 360.612 0.995175 -0.0800477 0.0567424 179.743 -0.0552141 0.0211795 0.99825 -9.66775
-0.0849779 -0.996123 0.0227395 360.428 0.99394 -0.0831504 0.0718977 181.94 -0.0697281 0.0287115 0.997153 -9.77658
-0.0937043 -0.995466 0.0163116 360.173 0.994266 -0.0927184 0.0532727 184.525 -0.0515188 0.02121 0.998447 -9.8854
-0.116399 -0.993141 0.0110873 359.869 0.99135 -0.115493 0.0623397 186.906 -0.0606316 0.0182476 0.997993 -9.98976
-0.188402 -0.981931 0.0177732 359.426 0.98057 -0.187072 0.0590482 189.104 -0.0546564 0.0285527 0.998097 -10.0862
-0.334604 -0.942202 0.01718 358.705 0.941052 -0.333125 0.0587283 191.182 -0.0496109 0.0358181 0.998126 -10.1709
-0.531514 -0.846869 0.0174833 357.654 0.845988 -0.529701 0.0609995 192.998 -0.0423976 0.0472127 0.997985 -10.2369
-0.681946 -0.731362 0.00769283 356.577 0.730323 -0.680331 0.0614692 194.153 -0.0397226 0.047537 0.998079 -10.264
-0.817747 -0.575569 0.00297284 355.295 0.574685 -0.816182 0.0598714 195.09 -0.0320338 0.0506681 0.998202 -10.3063
-0.919585 -0.392861 -0.00493533 353.782 0.39207 -0.918401 0.0531088 195.754 -0.025397 0.0469031 0.998577 -10.3485
-0.977888 -0.208969 -0.00822603 352.151 0.208096 -0.976206 0.0609782 196.145 -0.0207728 0.0579181 0.998105 -10.3638
-0.998949 -0.0447189 -0.0100157 349.806 0.0442493 -0.998094 0.0430166 196.23 -0.0119203 0.0425282 0.999024 -10.3786
-0.999696 0.024639 0.00117524 347.22 -0.0245428 -0.998308 0.0527156 196.195 0.00247211 0.0526707 0.998609 -10.3869
-0.997582 0.0685299 0.0115454 345.156 -0.0678983 -0.996523 0.0482882 196.069 0.0148145 0.0473875 0.998767 -10.3565
-0.995509 0.0940208 0.0110024 342.996 -0.0934248 -0.994568 0.045887 195.846 0.0152569 0.0446531 0.998886 -10.312
-0.994301 0.106012 0.0112591 340.701 -0.105495 -0.993639 0.039403 195.58 0.0153646 0.0379906 0.99916 -10.276
-0.992605 0.12126 0.00563541 338.275 -0.120999 -0.992062 0.0342302 195.268 0.00974143 0.0332952 0.999398 -10.2276
-0.991185 0.132128 0.00969381 335.753 -0.131773 -0.990795 0.0310017 194.924 0.0137008 0.029451 0.999472 -10.1892
-0.99127 0.131035 0.0146382 333.137 -0.130603 -0.991057 0.0273632 194.549 0.0180928 0.0252125 0.999518 -10.1365
-0.992164 0.124457 0.0110263 330.411 -0.124187 -0.992004 0.0224927 194.179 0.0137376 0.0209471 0.999686 -10.0713
-0.993186 0.116383 0.00612657 327.623 -0.116276 -0.993094 0.01562 193.805 0.00790217 0.0148012 0.999859 -10.0267
-0.993928 0.1096 -0.0097169 324.8 -0.109738 -0.993848 0.0149577 193.466 -0.00801776 0.0159331 0.999841 -9.99524
-0.994665 0.103092 -0.00365612 322.02 -0.103131 -0.994583 0.0129958 193.151 -0.00229655 0.0133036 0.999909 -9.96987
-0.995206 0.0977659 -0.00265048 319.234 -0.0977936 -0.995108 0.0140123 192.858 -0.00126759 0.0142043 0.999898 -9.95553
-0.995711 0.0925102 0.00135709 316.449 -0.0925014 -0.995697 0.00548933 192.558 0.00185907 0.00534025 0.999984 -9.92326
-0.996371 0.085109 -0.00127558 313.625 -0.0851018 -0.99636 -0.00488077 192.271 -0.00168633 -0.0047545 0.999987 -9.89439
-0.996886 0.078848 -0.00105043 310.777 -0.0788544 -0.996839 0.00965872 192.043 -0.000285544 0.00971148 0.999953 -9.88154
-0.99703 0.076124 -0.0116381 307.889 -0.076197 -0.997075 0.00595624 191.813 -0.0111507 0.00682534 0.999915 -9.86766
-0.996972 0.0777599 -0.000202601 305.038 -0.0777599 -0.996972 0.000325173 191.555 -0.000176702 0.000339942 1 -9.85196
-0.996664 0.0815679 0.00286857 302.204 -0.0815629 -0.996667 0.00180437 191.321 0.00300618 0.00156438 0.999994 -9.82668
-0.996927 0.0782993 0.00222906 299.392 -0.0782965 -0.996929 0.00128892 191.07 0.00232314 0.00111043 0.999997 -9.78774
-0.997538 0.0701257 0.00016511 296.594 -0.0701253 -0.997537 0.00170999 190.846 0.000284618 0.0016942 0.999999 -9.75155
-0.997888 0.0648651 0.00345536 293.811 -0.064864 -0.997894 0.000421096 190.646 0.0034754 0.000196077 0.999994 -9.72697
-0.997903 0.0647057 0.00161677 291.023 -0.0646925 -0.997879 0.00717171 190.453 0.00207739 0.00705207 0.999973 -9.69021
-0.997297 0.0734224 0.00274753 288.235 -0.0733699 -0.997178 0.0159011 190.266 0.00390727 0.0156565 0.99987 -9.66116
-0.996289 0.0857863 0.00700283 285.439 -0.0857078 -0.996261 0.0108285 190.012 0.00790558 0.0101881 0.999917 -9.6117
-0.996079 0.0883433 -0.00466709 282.598 -0.0883838 -0.996043 0.00931256 189.745 -0.00382592 0.00968854 0.999946 -9.59262
-0.995797 0.0909814 0.0104979 279.771 -0.0907734 -0.995694 0.0188271 189.482 0.0121656 0.017795 0.999768 -9.55001
-0.995944 0.0898565 -0.00470004 276.867 -0.0899172 -0.995838 0.014886 189.199 -0.00334287 0.0152483 0.999878 -9.51484
-0.996616 0.0821931 -0.000412423 273.983 -0.0821856 -0.996428 0.0194267 188.941 0.00118579 0.0193948 0.999811 -9.49426
-0.997149 0.0748085 -0.00991999 271.039 -0.0750064 -0.996954 0.0213588 188.696 -0.00829195 0.0220419 0.999723 -9.47853
-0.997187 0.0746368 -0.00683543 268.085 -0.0747652 -0.99698 0.0209996 188.464 -0.00524744 0.0214516 0.999756 -9.4787
-0.996438 0.0836205 -0.0109041 265.118 -0.0838264 -0.996279 0.0200413 188.216 -0.00918771 0.0208839 0.99974 -9.4544
-0.996046 0.0886754 -0.00542097 262.183 -0.0887716 -0.995824 0.0212979 187.927 -0.00350973 0.0216949 0.999758 -9.45862
-0.995571 0.0938919 -0.00469115 259.223 -0.0939653 -0.99539 0.0192163 187.641 -0.00286527 0.019572 0.999804 -9.41613
-0.995184 0.0976688 -0.00833911 257.233 -0.0977547 -0.995154 0.0106067 187.419 -0.00726275 0.0113708 0.999909 -9.42409
-0.994376 0.103943 0.0202972 254.265 -0.103558 -0.994438 0.0192073 187.116 0.0221808 0.0169974 0.999609 -9.40177
-0.994178 0.107524 0.00700648 252.254 -0.107329 -0.993934 0.0239981 186.893 0.00954435 0.0231064 0.999687 -9.31583
-0.994123 0.10777 -0.0102531 250.224 -0.10796 -0.99395 0.0202188 186.648 -0.00801204 0.0212069 0.999743 -9.31401
-0.994593 0.103854 -0.000153792 247.248 -0.10383 -0.994327 0.0230981 186.315 0.00224592 0.0229892 0.999733 -9.30276
-0.995158 0.098208 0.00398302 244.287 -0.0980396 -0.994704 0.0308629 186.017 0.00699291 0.030323 0.999516 -9.24963
-0.995621 0.0934106 -0.00355183 241.346 -0.0934765 -0.995112 0.0318515 185.719 -0.0005592 0.032044 0.999486 -9.20359
-0.996023 0.0890735 -0.00200574 238.455 -0.0890939 -0.995589 0.0294172 185.437 0.000623401 0.0294789 0.999565 -9.16402
-0.996199 0.0864766 -0.0105031 235.611 -0.0867996 -0.995587 0.0356649 185.185 -0.0073726 0.036441 0.999309 -9.14604
-0.996206 0.0865711 -0.00892793 232.891 -0.0868923 -0.995153 0.0460483 184.95 -0.00489821 0.0466494 0.998899 -9.12607
-0.996422 0.0845043 0.00119724 230.286 -0.0844104 -0.995812 0.0351151 184.698 0.0041596 0.0348884 0.999383 -9.06904
-0.997378 0.0723215 -0.00244656 227.788 -0.0723618 -0.99698 0.0281994 184.476 -0.000399744 0.0283025 0.999599 -9.03413
-0.99806 0.0619257 -0.00644524 225.393 -0.0620716 -0.997742 0.0256464 184.304 -0.00484251 0.0259968 0.99965 -9.00931
-0.998636 0.0515401 -0.00833288 223.184 -0.0517391 -0.998329 0.0257468 184.17 -0.00699196 0.0261428 0.999634 -8.98648
-0.998915 0.0456553 -0.00918977 221.134 -0.045919 -0.998468 0.0308775 184.078 -0.00776597 0.031266 0.999481 -8.96857
-0.998546 0.0535671 -0.00608894 218.698 -0.0537706 -0.99773 0.0405517 183.973 -0.00390287 0.0408202 0.999159 -8.94281
