1 2.58962e-23 -3.10601e-24 -2.25743e-25 -2.58962e-23 1 2.65542e-23 -1.21655e-25 3.10601e-24 -2.65542e-23 1 2.05291e-27
0.999928 -0.011315 -0.00393594 2.10075 0.0113095 0.999935 -0.00140566 0.0221376 0.00395159 0.00136105 0.999991 0.0135869
0.999669 -0.0251127 -0.00563217 4.33752 0.025115 0.999685 0.0003356 0.0893403 0.00562196 -0.000476941 0.999984 0.0341649
0.999248 -0.0387014 -0.00248264 6.71697 0.0387147 0.999235 0.00557349 0.188742 0.00226503 -0.00566541 0.999981 0.0567077
0.998889 -0.0471269 -0.000731896 9.17196 0.0471294 0.998881 0.00393161 0.319495 0.000545792 -0.00396174 0.999992 0.0714797
0.998627 -0.0523877 -9.577e-05 11.703 0.0523877 0.998627 -0.000540737 0.446564 0.000123966 0.000534977 1 0.0914939
0.998345 -0.0571934 -0.00608497 14.3126 0.0572262 0.998347 0.00536927 0.618854 0.00576783 -0.0057086 0.999967 0.113296
0.998111 -0.0613335 -0.00344995 16.9982 0.0613581 0.998087 0.00754116 0.794696 0.00298083 -0.0077386 0.999966 0.139237
0.997867 -0.0651624 -0.00403659 19.7388 0.0651844 0.997858 0.00557452 0.976546 0.00366469 -0.00582575 0.999976 0.169532
0.997863 -0.065194 0.00435478 22.5259 0.0651527 0.997834 0.0090382 1.17775 -0.00493458 -0.00873516 0.99995 0.190415
0.998158 -0.0603606 0.0061599 25.3479 0.0603301 0.998166 0.00502993 1.35988 -0.00645221 -0.00464903 0.999968 0.189355
0.99836 -0.0572364 -0.000681438 28.2305 0.0572399 0.998331 0.00761118 1.54351 0.000244665 -0.0076377 0.999971 0.208956
0.998231 -0.0588787 0.00825221 31.1592 0.0589432 0.998231 -0.00780814 1.70377 -0.00777788 0.00828073 0.999935 0.214154
0.997969 -0.0637054 0.000308365 34.1054 0.0637061 0.997947 -0.0065994 1.89507 0.000112686 0.00660564 0.999978 0.225179
0.997826 -0.065775 0.00400713 36.1069 0.0657834 0.997832 -0.00202356 2.03239 -0.00386535 0.00228276 0.99999 0.239376
0.997641 -0.0677869 0.0108335 39.1048 0.0677753 0.9977 0.00142908 2.24709 -0.0109054 -0.000691469 0.99994 0.256801
0.997578 -0.0683132 0.0131262 41.1144 0.0682751 0.997661 0.00333019 2.40687 -0.013323 -0.00242593 0.999908 0.240117
0.997557 -0.0692528 0.00919773 44.0949 0.0691873 0.997577 0.00725344 2.62204 -0.00967777 -0.00659935 0.999931 0.240548
0.997397 -0.0714507 0.00966234 47.0553 0.0714182 0.99744 0.00366724 2.84448 -0.00989963 -0.00296763 0.999947 0.24764
0.99732 -0.0729253 0.00594497 49.9718 0.0728736 0.997305 0.0084866 3.07649 -0.00654784 -0.00803062 0.999946 0.244353
0.997255 -0.0733486 0.0101373 52.8841 0.073345 0.997306 0.000732561 3.28904 -0.0101637 1.29706e-05 0.999948 0.258951
0.997053 -0.0754557 0.0138351 55.7456 0.075522 0.997135 -0.00433449 3.50968 -0.0134684 0.00536657 0.999895 0.262274
0.996767 -0.0780222 0.0192049 58.6021 0.0781661 0.996917 -0.00685758 3.73615 -0.0186107 0.00833658 0.999792 0.251609
0.996659 -0.081447 0.00613797 61.3538 0.0814286 0.996674 0.00318294 3.98327 -0.0063768 -0.0026725 0.999976 0.252007
0.996371 -0.0845621 0.00972397 64.0054 0.0844817 0.99639 0.00840063 4.22467 -0.0103992 -0.00754864 0.999917 0.262985
0.99599 -0.088747 0.0112734 66.5337 0.0886152 0.995997 0.0116955 4.46261 -0.0122662 -0.0106496 0.999868 0.273884
0.995562 -0.092368 0.0180003 68.9393 0.0920701 0.995612 0.0167285 4.69371 -0.0194665 -0.014997 0.999698 0.271864
0.995267 -0.0966254 0.0103426 71.1929 0.0964356 0.995185 0.0174977 4.92712 -0.0119835 -0.0164174 0.999793 0.273699
0.995082 -0.0989465 0.00466306 73.3017 0.0988119 0.994831 0.0234001 5.1542 -0.00695431 -0.0228242 0.999715 0.27625
0.994968 -0.10014 -0.00331495 75.8062 0.100164 0.994939 0.00801218 5.40589 0.00249583 -0.0083039 0.999962 0.311528
0.996528 -0.0830842 0.00538007 78.0447 0.0830158 0.996477 0.0118923 5.62206 -0.00634918 -0.0114043 0.999915 0.329917
0.999416 -0.0326672 0.00999807 80.0692 0.0324628 0.999273 0.0199697 5.71942 -0.0106432 -0.0196335 0.999751 0.358222
0.99338 0.113481 0.0178607 82.3059 -0.113748 0.993401 0.0146939 5.5501 -0.0160753 -0.0166282 0.999733 0.371
0.953681 0.30031 0.0174854 83.8766 -0.300596 0.953601 0.0169635 5.14417 -0.0115798 -0.0214338 0.999703 0.367966
0.883026 0.469079 0.015169 84.906 -0.469297 0.882861 0.0177688 4.61986 -0.00505711 -0.0228091 0.999727 0.352519
0.776149 0.630382 0.0145336 85.8062 -0.630546 0.776015 0.0145643 3.89427 -0.00209724 -0.0204681 0.999788 0.382928
0.644505 0.764451 0.0150923 86.5373 -0.764599 0.644412 0.0110139 3.0188 -0.00130606 -0.018638 0.999825 0.371554
0.505769 0.862531 0.015434 87.1267 -0.862668 0.505655 0.0108026 2.03197 0.00151329 -0.018778 0.999823 0.417122
0.341885 0.939726 -0.00545059 87.685 -0.939741 0.341885 -0.00101801 0.600479 0.000906824 0.00547018 0.999985 0.416594
0.198305 0.980139 0.00137974 88.1807 -0.980022 0.198259 0.0158315 -1.31752 0.0152435 -0.00449164 0.999874 0.451792
0.109375 0.993999 -0.00174823 88.4914 -0.993764 0.109387 0.0216042 -3.49859 0.0216658 -0.000625623 0.999765 0.505853
0.0667487 0.997686 -0.0129653 88.6272 -0.997574 0.0669872 0.0189251 -5.53128 0.0197498 0.0116707 0.999737 0.556208
0.0448703 0.998842 -0.0173711 88.7475 -0.998761 0.0452275 0.0207511 -7.81903 0.0215128 0.0164185 0.999634 0.601471
0.0353381 0.99909 -0.0238989 88.8478 -0.999177 0.0357979 0.0190921 -10.4126 0.0199303 0.0232046 0.999532 0.662051
0.042762 0.998612 -0.030764 88.9188 -0.99889 0.0433416 0.0184264 -12.5538 0.0197341 0.0299419 0.999357 0.71283
0.0547045 0.998001 -0.0316505 89.0328 -0.998363 0.0551992 0.014972 -14.8467 0.0166891 0.0307797 0.999387 0.764176
0.0674177 0.997352 -0.0272736 89.194 -0.997621 0.0677804 0.0125998 -17.2469 0.0144151 0.0263593 0.999549 0.81206
0.0720821 0.997232 -0.018213 89.396 -0.99707 0.0725147 0.0243318 -19.655 0.0255852 0.0164058 0.999538 0.877303
0.0721771 0.997303 -0.0132969 89.6053 -0.997147 0.0724482 0.0211837 -22.1292 0.0220899 0.01173 0.999687 0.955138
0.0727581 0.997318 -0.00794991 89.8046 -0.997118 0.0729107 0.0209736 -24.6049 0.021497 0.006401 0.999748 1.03333
0.0654512 0.997854 0.00165071 90.0133 -0.997649 0.0654038 0.0204843 -27.0468 0.0203324 -0.00298756 0.999789 1.11448
0.0472294 0.998865 0.0062493 90.1669 -0.998758 0.047123 0.0161978 -29.4949 0.0158849 -0.00700655 0.999849 1.19459
0.017922 0.999823 0.00567994 90.2474 -0.999711 0.0178282 0.0161483 -31.9006 0.0160442 -0.0059677 0.999853 1.26065
-0.0154155 0.999866 0.00544749 90.2431 -0.999779 -0.0154917 0.0142359 -34.28 0.0143184 -0.00522683 0.999884 1.33214
-0.0473434 0.998866 0.00497954 90.1727 -0.998742 -0.0474188 0.0163023 -36.6176 0.01652 -0.00420147 0.999855 1.39464
-0.0758171 0.997116 0.00350912 90.0325 -0.99697 -0.0758666 0.0172011 -38.887 0.0174177 -0.00219436 0.999846 1.46328
-0.0971876 0.995265 -0.0012661 89.8288 -0.995174 -0.0971612 0.0137397 -41.0901 0.0135517 0.00259532 0.999905 1.5285
-0.105635 0.994383 -0.00662704 89.6054 -0.994364 -0.105568 0.00981727 -43.2087 0.00906253 0.00762674 0.99993 1.58776
-0.0970009 0.995245 -0.00887871 89.3411 -0.995207 -0.0968782 0.0133486 -45.8164 0.012425 0.010131 0.999871 1.65437
-0.0468429 0.998882 -0.00640732 89.198 -0.998781 -0.0467363 0.0158868 -48.1383 0.0155696 0.00714369 0.999853 1.72219
0.0594491 0.99823 -0.00157287 89.3063 -0.997953 0.0594696 0.023533 -50.2906 0.0235849 0.000170635 0.999722 1.79296
0.231336 0.972857 0.00576466 89.7797 -0.972816 0.231254 0.0122521 -52.3655 0.0105865 -0.00844232 0.999908 1.85289
0.393347 0.919374 0.00544451 90.4069 -0.919354 0.393272 0.0112048 -53.7772 0.00816019 -0.00941279 0.999922 1.89375
0.569964 0.821661 -0.00377414 91.2434 -0.821428 0.569902 0.0216311 -54.9832 0.0199243 -0.00922878 0.999759 1.94419
0.727658 0.685891 -0.00825582 92.2783 -0.68554 0.727591 0.0254114 -55.9717 0.0234363 -0.0128311 0.999643 1.95134
0.85095 0.525237 0.00326132 93.4699 -0.525219 0.850825 0.015527 -56.7198 0.00538055 -0.0149256 0.999874 1.98957
0.928005 0.372141 0.0178121 94.7396 -0.372393 0.927973 0.0137571 -57.2291 -0.0114095 -0.0193998 0.999747 2.0216
0.973726 0.227022 0.0178655 97.0299 -0.227345 0.973634 0.01875 -57.7824 -0.0131378 -0.022319 0.999665 1.98601
0.980399 0.196285 0.0170492 99.081 -0.196816 0.979667 0.038943 -58.1063 -0.00905862 -0.0415352 0.999096 1.97762
0.978417 0.206641 -0.000135829 101.283 -0.206486 0.977709 0.0380596 -58.5725 0.00799748 -0.0372101 0.999275 1.98028
0.974172 0.225294 0.0152393 103.7 -0.225746 0.973272 0.0421865 -59.0822 -0.00532758 -0.0445371 0.998994 1.98251
0.972678 0.232038 0.00751501 106.277 -0.232155 0.972349 0.0253156 -59.7058 -0.00143304 -0.0263686 0.999651 1.98523
0.974044 0.226331 0.00343682 108.329 -0.226306 0.973389 0.0360358 -60.175 0.00481066 -0.0358782 0.999345 1.99088
0.975361 0.220078 0.0153897 110.506 -0.220475 0.974855 0.0323824 -60.6576 -0.00787607 -0.0349776 0.999357 2.00972
0.977588 0.210495 0.00380654 112.764 -0.210478 0.976789 0.0397669 -61.1319 0.00465254 -0.0396768 0.999202 2.01048
0.979571 0.200951 0.00777021 115.151 -0.201099 0.979005 0.0333006 -61.6341 -0.000915288 -0.0341829 0.999415 2.0237
0.97999 0.198699 0.0118028 117.592 -0.198945 0.97967 0.025828 -62.1327 -0.00643082 -0.0276593 0.999597 2.03549
0.979675 0.200356 0.00970947 120.062 -0.20059 0.978702 0.0436647 -62.6013 -0.000754182 -0.0447249 0.998999 2.05006
0.977922 0.208576 0.0128534 122.589 -0.208964 0.976558 0.0516468 -63.0956 -0.00177977 -0.0531924 0.998583 2.05204
0.977172 0.212302 0.00788205 125.107 -0.212448 0.976428 0.0381328 -63.653 0.000399422 -0.0389369 0.999242 2.07536
0.976265 0.215907 0.0170696 127.643 -0.21644 0.975441 0.0408535 -64.1971 -0.00782983 -0.0435783 0.999019 2.10591
0.975798 0.218674 -0.000886538 130.129 -0.218464 0.975023 0.040039 -64.7426 0.00961987 -0.0388763 0.999198 2.09409
0.976178 0.216053 0.01993 132.639 -0.216588 0.975787 0.0304716 -65.2986 -0.0128639 -0.0340623 0.999337 2.15172
0.976984 0.212863 0.0138108 135.083 -0.213209 0.976465 0.0325383 -65.8126 -0.00655955 -0.034734 0.999375 2.15298
0.978258 0.207284 0.00674748 137.531 -0.207393 0.977695 0.033175 -66.3317 0.000279654 -0.033853 0.999427 2.17068
0.980639 0.195771 0.00463538 139.967 -0.195804 0.979895 0.0382975 -66.8045 0.00295537 -0.0384637 0.999256 2.19784
0.981612 0.190525 0.0117442 142.382 -0.190865 0.98057 0.045318 -67.2587 -0.00288181 -0.0467262 0.998904 2.2095
0.983223 0.182366 0.00390045 144.78 -0.182388 0.982569 0.0359494 -67.7064 0.0027235 -0.0360577 0.999346 2.23706
0.986472 0.163335 0.0139346 147.182 -0.163701 0.986014 0.0312656 -68.1169 -0.00863297 -0.0331237 0.999414 2.25812
0.988372 0.150354 0.0226645 149.592 -0.151078 0.987917 0.0345849 -68.4754 -0.0171906 -0.0376069 0.999145 2.25263
0.991394 0.130717 0.00708088 151.997 -0.130883 0.990824 0.0337344 -68.7955 -0.00260625 -0.0343708 0.999406 2.25826
0.994404 0.105533 0.00485743 154.439 -0.105645 0.993321 0.0464056 -69.035 7.23417e-05 -0.0466591 0.998911 2.26431
0.996695 0.0806765 0.00949563 156.928 -0.081039 0.995576 0.0475455 -69.2358 -0.00561782 -0.0481579 0.998824 2.2742
0.998112 0.0579311 0.0204188 159.418 -0.0588876 0.997019 0.0498571 -69.3731 -0.0174697 -0.0509653 0.998548 2.26877
0.998931 0.0454507 0.00842941 161.885 -0.0458673 0.997231 0.0585395 -69.4651 -0.00574541 -0.0588636 0.99825 2.28309
0.999132 0.036412 0.0202402 164.38 -0.0376646 0.997148 0.0654 -69.538 -0.0178012 -0.0661055 0.997654 2.2612
0.999615 0.0232336 0.0151606 166.857 -0.0239613 0.998475 0.0497264 -69.616 -0.0139822 -0.0500706 0.998648 2.24426
0.999874 0.00155335 0.0158213 169.335 -0.00239003 0.998592 0.0530022 -69.6311 -0.0157166 -0.0530333 0.998469 2.21939
0.999574 -0.0174265 0.0234301 171.839 0.0166727 0.999349 0.0319915 -69.6218 -0.0239723 -0.0315872 0.999213 2.19694
0.999303 -0.0371143 0.00403459 174.342 0.0370607 0.999233 0.0126415 -69.5739 -0.00450068 -0.0124831 0.999912 2.19366
0.998106 -0.0539868 0.0295007 176.898 0.0530166 0.998057 0.032735 -69.4073 -0.0312106 -0.031109 0.999029 2.16
0.998027 -0.0621534 0.00891124 179.409 0.0617803 0.997391 0.0373438 -69.222 -0.011209 -0.0367195 0.999263 2.15017
0.997635 -0.0666602 0.0167519 181.962 0.0660367 0.99719 0.0353653 -69.0447 -0.0190623 -0.0341754 0.999234 2.10728
0.997411 -0.0703456 0.0149572 184.521 0.0699131 0.997168 0.0277 -68.8591 -0.0168634 -0.0265826 0.999504 2.08483
0.997172 -0.0750598 0.00375779 187.067 0.0749709 0.996987 0.0199106 -68.6852 -0.00524096 -0.0195725 0.999795 2.08511
0.996797 -0.0786724 0.0143933 189.618 0.0783254 0.996656 0.0232683 -68.4682 -0.0161758 -0.0220664 0.999626 2.07625
0.996811 -0.0791933 0.00983589 192.14 0.0788155 0.996303 0.0341965 -68.2414 -0.0125076 -0.0333122 0.999367 2.06906
0.996598 -0.0810604 0.0148764 194.643 0.080311 0.995732 0.0454833 -68.012 -0.0184998 -0.0441339 0.998854 2.05142
0.996462 -0.0837759 0.00671349 197.082 0.0833731 0.99542 0.0467826 -67.7926 -0.010602 -0.0460574 0.998883 2.06249
0.995768 -0.0880908 0.0262018 199.439 0.0870929 0.995511 0.0370611 -67.5992 -0.0293489 -0.0346222 0.998969 2.0261
0.996159 -0.0869306 0.0105092 201.642 0.0864933 0.995578 0.0366497 -67.3888 -0.0136487 -0.0355999 0.999273 2.03039
0.996892 -0.0787514 0.00217269 203.674 0.0786558 0.996481 0.0289592 -67.2055 -0.00444562 -0.0286983 0.999578 2.04666
0.997906 -0.0616086 0.0197197 205.709 0.0607988 0.997375 0.0393192 -67.0316 -0.0220903 -0.0380379 0.999032 2.05197
0.999441 -0.0333165 -0.00276548 208.29 0.0333998 0.998659 0.0395456 -66.8904 0.00144426 -0.0396159 0.999214 2.04804
0.999892 -0.00849202 0.0119992 210.878 0.0081807 0.999635 0.0257595 -66.8691 -0.0122136 -0.0256586 0.999596 2.06107
0.999801 -0.00516414 0.019288 213.469 0.00458989 0.999548 0.0296985 -66.8541 -0.0194327 -0.029604 0.999373 2.05063
0.999963 -0.00841657 -0.00195338 216.073 0.00849111 0.999084 0.041942 -66.8178 0.00159858 -0.041957 0.999118 2.01875
0.999721 -0.0201763 0.0123129 218.105 0.0195918 0.998755 0.0458797 -66.7711 -0.0132233 -0.0456256 0.998871 2.03615
0.998942 -0.031637 0.0333714 220.154 0.0304993 0.998954 0.034067 -66.7296 -0.0344142 -0.0330132 0.998862 2.00386
0.9991 -0.0397247 0.0148623 222.2 0.0393329 0.998893 0.0257842 -66.6479 -0.0158701 -0.0251764 0.999557 1.96559
0.998693 -0.0435148 0.0268155 224.336 0.0432741 0.999018 0.00949259 -66.588 -0.0272022 -0.00831976 0.999595 1.93611
0.998762 -0.0458149 0.0194 226.414 0.0459738 0.998912 -0.00782629 -66.5113 -0.0190204 0.00870849 0.999781 1.91423
0.998395 -0.0483081 0.0295594 228.515 0.0486409 0.99876 -0.0106447 -66.4213 -0.0290085 0.0120654 0.999506 1.88999
0.998751 -0.0485794 0.0117086 230.539 0.0487868 0.998645 -0.0181264 -66.3294 -0.0108121 0.018675 0.999767 1.87867
0.998742 -0.0484111 0.0131014 232.546 0.0485508 0.998765 -0.010562 -66.2204 -0.0125739 0.0111848 0.999858 1.86925
0.998139 -0.0520234 0.0318146 235.045 0.0525073 0.998514 -0.0145688 -66.09 -0.0310094 0.0162121 0.999388 1.84905
0.995879 -0.0874727 0.0239341 237.261 0.0881748 0.995652 -0.0300445 -65.8922 -0.0212019 0.0320311 0.999262 1.82948
0.983547 -0.17835 0.0287405 239.286 0.179225 0.983305 -0.0314455 -65.4973 -0.0226524 0.0360792 0.999092 1.80551
0.944905 -0.326799 0.0188915 241.15 0.327196 0.944639 -0.024484 -64.8284 -0.00984436 0.0293163 0.999522 1.82309
0.885295 -0.465006 0.0046009 242.369 0.465002 0.885307 0.00208779 -64.1171 -0.00504405 0.000291118 0.999987 1.84166
0.792997 -0.609161 -0.00891678 243.383 0.609137 0.792547 0.0286375 -63.2376 -0.0103778 -0.028141 0.99955 1.81554
0.67586 -0.737028 -0.00180166 244.244 0.735838 0.674626 0.058496 -62.2581 -0.0418978 -0.0408609 0.998286 1.78184
0.541581 -0.840642 -0.0035123 244.892 0.838525 0.539911 0.0732876 -61.1848 -0.0597123 -0.0426363 0.997305 1.72746
0.386694 -0.922199 0.00407431 245.366 0.920599 0.386277 0.0573309 -60.0561 -0.0544443 -0.0184187 0.998347 1.66832
0.230684 -0.973027 -0.00206798 245.658 0.971862 0.230302 0.0494565 -58.8143 -0.0476462 -0.0134186 0.998774 1.61229
0.035428 -0.999359 -0.00513308 245.792 0.998407 0.0351677 0.0441145 -56.4786 -0.0439057 -0.00668779 0.999013 1.51369
-0.0462179 -0.998819 -0.0149923 245.675 0.998195 -0.0467549 0.0376979 -54.3758 -0.0383543 -0.0132229 0.999177 1.43523
-0.0689248 -0.997447 -0.0186923 245.484 0.997013 -0.069525 0.0336254 -52.038 -0.0348392 -0.0163189 0.99926 1.35262
-0.0687728 -0.997528 -0.0143962 245.286 0.997061 -0.0692147 0.0328518 -49.3638 -0.033767 -0.0120946 0.999357 1.25695
-0.0655659 -0.997766 -0.0128235 245.137 0.997413 -0.0659114 0.0286872 -47.1346 -0.0294683 -0.0109095 0.999506 1.18505
-0.0613289 -0.998061 -0.0106164 244.976 0.997664 -0.0616183 0.0295072 -44.7116 -0.0301041 -0.0087819 0.999508 1.10745
-0.0573168 -0.998333 -0.00671376 244.815 0.997815 -0.0575058 0.0325327 -42.1249 -0.0328646 -0.00483441 0.999448 1.03759
-0.055382 -0.99846 -0.00326273 244.66 0.997551 -0.0554708 0.0426079 -39.4597 -0.0427233 -0.00089503 0.999087 0.949028
-0.0594188 -0.998233 -0.000324952 244.501 0.997601 -0.0593927 0.0355632 -36.788 -0.0355196 0.00178895 0.999367 0.875401
-0.0679198 -0.997682 0.00416021 244.336 0.99648 -0.0676314 0.0495357 -34.1262 -0.0491396 0.00751003 0.998764 0.788114
-0.0763134 -0.997063 0.00644314 244.135 0.996049 -0.0759382 0.046042 -31.5065 -0.0454175 0.0099313 0.998919 0.701667
-0.0816815 -0.996658 0.000908612 243.901 0.995755 -0.0815685 0.0426551 -28.9057 -0.0424385 0.00438889 0.999089 0.616299
-0.0818589 -0.996607 -0.00856792 243.636 0.996013 -0.08211 0.0348852 -26.3243 -0.0354703 -0.0056781 0.999355 0.547052
-0.0762598 -0.997065 -0.00673219 243.413 0.996427 -0.0764533 0.035887 -23.7624 -0.0362964 -0.00397141 0.999333 0.489296
-0.0709117 -0.997455 0.00738752 243.236 0.99672 -0.0705659 0.0396265 -21.2395 -0.0390043 0.0101733 0.999187 0.421446
-0.0665628 -0.997767 0.00542648 243.061 0.99709 -0.0663131 0.0376031 -18.7265 -0.0371593 0.00791366 0.999278 0.364687
-0.0688005 -0.997621 0.00425198 242.881 0.996545 -0.0685262 0.0469364 -16.2566 -0.0465333 0.00746653 0.998889 0.292015
-0.0773669 -0.997 0.00233815 242.685 0.996223 -0.0772134 0.0397234 -13.8189 -0.0394237 0.0054026 0.999208 0.218658
-0.0909086 -0.995853 -0.00358579 242.455 0.99516 -0.0909791 0.0371517 -11.4078 -0.0373239 -0.000191025 0.999303 0.159985
-0.103666 -0.994515 -0.0138898 242.185 0.993681 -0.104163 0.0418101 -9.02223 -0.0430276 -0.00946776 0.999029 0.0910969
-0.10983 -0.993654 -0.0242627 241.889 0.993073 -0.110726 0.0393234 -6.71523 -0.0417604 -0.0197758 0.998932 0.0262632
-0.110687 -0.993367 -0.0311603 241.604 0.992924 -0.111886 0.0397865 -4.48631 -0.043009 -0.0265359 0.998722 -0.0523052
-0.108157 -0.99335 -0.0394696 241.346 0.993148 -0.109732 0.040194 -2.40494 -0.0442578 -0.0348519 0.998412 -0.118949
-0.096589 -0.994515 -0.0401333 241.062 0.99435 -0.0982 0.0403192 0.180997 -0.0440391 -0.0360122 0.998381 -0.192692
-0.0834738 -0.995807 -0.0374137 240.838 0.995531 -0.0849967 0.0411516 2.53361 -0.0441591 -0.0338114 0.998452 -0.264524
-0.0656926 -0.997221 -0.0351363 240.676 0.996857 -0.0671499 0.0420406 4.6163 -0.0442832 -0.0322641 0.998498 -0.32335
-0.0411598 -0.998622 -0.0325518 240.565 0.997941 -0.042692 0.0478642 6.84854 -0.0491879 -0.0305147 0.998323 -0.389664
-0.00673047 -0.999638 -0.0260354 240.536 0.998918 -0.00791942 0.0458366 8.95778 -0.0460263 -0.0256987 0.99861 -0.451512
0.0196532 -0.999607 -0.0199874 240.559 0.999572 0.0192116 0.0220501 10.9592 -0.0216575 -0.0204122 0.999557 -0.514482
0.158805 -0.987099 -0.0204032 240.775 0.987093 0.158302 0.0242545 13.0451 -0.0207117 -0.0239916 0.999498 -0.547333
0.324775 -0.945789 -0.00206648 241.216 0.945405 0.324579 0.029273 14.3489 -0.0270153 -0.0114608 0.999569 -0.565327
0.505031 -0.863099 -0.00211218 241.828 0.862332 0.504476 0.043437 15.4914 -0.0364249 -0.0237584 0.999054 -0.609241
0.647428 -0.762103 0.00597983 242.515 0.76143 0.647152 0.037671 16.2815 -0.0325791 -0.0198361 0.999272 -0.627654
0.781507 -0.623894 -0.00190888 243.399 0.623586 0.781017 0.0339516 17.0057 -0.0196913 -0.0277238 0.999422 -0.651605
0.884054 -0.467321 0.00773748 244.595 0.466965 0.88384 0.0277559 17.6356 -0.0198096 -0.0209246 0.999585 -0.69843
0.96236 -0.271734 0.00487935 246.523 0.271573 0.962177 0.021538 18.2815 -0.0105474 -0.0194022 0.999756 -0.715046
0.991051 -0.133154 0.00940647 248.809 0.132965 0.990949 0.0184459 18.6948 -0.0117775 -0.0170301 0.999786 -0.738663
0.997384 -0.0714142 0.0111614 251.366 0.0712736 0.997378 0.0125265 18.9509 -0.0120267 -0.0116982 0.999859 -0.753714
0.998588 -0.0524156 0.00864878 253.452 0.0523147 0.998564 0.0115109 19.075 -0.00923971 -0.0110422 0.999896 -0.774176
0.998865 -0.0462095 0.0115511 255.676 0.0460693 0.998865 0.0121252 19.1917 -0.0120983 -0.0115793 0.99986 -0.788609
0.998787 -0.0472408 0.0139053 258.03 0.0471219 0.998851 0.00875189 19.3115 -0.0143028 -0.00808602 0.999865 -0.812792
0.998681 -0.0513281 0.00142458 260.505 0.05131 0.998625 0.0107199 19.4498 -0.00197285 -0.0106326 0.999942 -0.827537
0.998568 -0.0511582 0.0156568 263.114 0.0508826 0.998551 0.0175181 19.5963 -0.0165303 -0.0166964 0.999724 -0.846206
0.998499 -0.0527893 0.0145765 265.829 0.0527205 0.998596 0.00506766 19.7243 -0.0148235 -0.00429157 0.999881 -0.873546
0.998411 -0.0563198 0.00162063 268.648 0.0563132 0.998406 0.00390644 19.8848 -0.00183806 -0.00380897 0.999991 -0.890012
0.998237 -0.0572866 0.0155007 271.591 0.0571558 0.998327 0.00875713 20.0698 -0.0159764 -0.00785574 0.999842 -0.909091
0.998233 -0.0564739 0.0185004 273.596 0.0563573 0.998388 0.00676782 20.1814 -0.0188528 -0.00571322 0.999806 -0.927383
0.998322 -0.056797 0.0112844 275.637 0.0567557 0.99838 0.0039537 20.3035 -0.0114906 -0.00330661 0.999929 -0.951706
0.998263 -0.058046 0.0100436 277.702 0.0580098 0.998309 0.00386309 20.4182 -0.0102509 -0.00327376 0.999942 -0.958582
0.998009 -0.0610858 0.0157158 279.804 0.0610453 0.99813 0.00304544 20.5527 -0.0158725 -0.00208 0.999872 -0.970825
0.99785 -0.0646805 0.0105594 281.89 0.0647305 0.997893 -0.00446888 20.6822 -0.0102481 0.00514279 0.999934 -0.98342
0.997679 -0.0679545 0.00428447 284.005 0.0679584 0.997688 -0.00077478 20.8311 -0.00422191 0.00106415 0.999991 -0.981805
0.99745 -0.070895 0.00822184 286.117 0.0708463 0.997469 0.00606967 20.9867 -0.00863133 -0.0054717 0.999948 -0.969596
0.997148 -0.0735958 0.0166967 288.242 0.0734597 0.997261 0.00862537 21.1553 -0.0172857 -0.00737424 0.999823 -0.976343
0.997031 -0.0749444 0.0176853 290.337 0.0748212 0.997169 0.00753169 21.3264 -0.0181997 -0.00618609 0.999815 -0.991424
0.997116 -0.0747961 0.0128737 292.414 0.0747393 0.997191 0.00483454 21.4893 -0.0131992 -0.00385842 0.999905 -1.00342
0.997163 -0.0749189 0.00732354 294.489 0.0748727 0.997173 0.00638702 21.6503 -0.00778135 -0.00582056 0.999953 -1.0019
0.997199 -0.0739878 0.0109721 296.554 0.0738485 0.99719 0.0125978 21.8233 -0.0118733 -0.0117522 0.99986 -1.00143
0.997216 -0.0732598 0.0139196 298.61 0.073091 0.99725 0.0122664 21.9893 -0.0147799 -0.0112148 0.999828 -1.00846
0.997152 -0.0723187 0.0214023 300.674 0.0719245 0.997236 0.0186488 22.1555 -0.0226918 -0.0170564 0.999597 -1.02903
0.99726 -0.0715739 0.0186755 302.714 0.0712383 0.997296 0.0180556 22.319 -0.0199173 -0.0166757 0.999663 -1.05049
0.997419 -0.0710185 0.0105676 304.735 0.0707383 0.997185 0.0248716 22.4864 -0.0123042 -0.0240599 0.999635 -1.06208
0.997493 -0.070265 0.00835502 306.788 0.0699788 0.997077 0.0306633 22.6482 -0.0104852 -0.0300017 0.999495 -1.0702
0.99747 -0.0702568 0.0108301 308.838 0.0698689 0.997017 0.0327858 22.813 -0.0131012 -0.0319461 0.999404 -1.07532
0.997408 -0.0706409 0.0136997 310.898 0.0701758 0.997025 0.0318859 22.9632 -0.0159113 -0.0308418 0.999398 -1.08209
0.997485 -0.0694905 0.0139354 312.957 0.0689855 0.99704 0.0339316 23.1235 -0.0162521 -0.0328849 0.999327 -1.10013
0.997604 -0.0677397 0.0140263 315.052 0.0672514 0.997198 0.0327651 23.2777 -0.0162065 -0.0317433 0.999365 -1.11742
0.997658 -0.0667763 0.0147912 317.159 0.0662399 0.997218 0.0341885 23.4341 -0.017033 -0.0331287 0.999306 -1.14295
0.997772 -0.0657968 0.0109969 319.278 0.065417 0.997347 0.0319189 23.5809 -0.0130679 -0.0311284 0.99943 -1.15597
0.997772 -0.0661081 0.00902892 321.423 0.0657682 0.997261 0.0338323 23.7316 -0.0112408 -0.0331631 0.999387 -1.16882
0.997693 -0.0657305 0.0169681 323.591 0.0651599 0.997354 0.0322365 23.8898 -0.0190421 -0.0310565 0.999336 -1.19298
0.997654 -0.0650689 0.0212602 325.745 0.0644161 0.99747 0.0300693 24.0331 -0.023163 -0.0286292 0.999322 -1.22151
0.997654 -0.0652096 0.0208341 327.9 0.06466 0.997567 0.0260455 24.1806 -0.0224819 -0.0246373 0.999444 -1.23936
0.997707 -0.0654629 0.0171575 330.027 0.0650618 0.997617 0.0229733 24.3278 -0.0186205 -0.0218043 0.999589 -1.25821
0.9976 -0.0661256 0.0205189 332.161 0.0657155 0.997637 0.0200542 24.4648 -0.0217965 -0.0186577 0.999588 -1.28121
0.997428 -0.0666508 0.0263629 334.289 0.0663058 0.997705 0.0137516 24.5996 -0.027219 -0.0119682 0.999558 -1.30542
0.997524 -0.0672653 0.020536 336.38 0.067112 0.997713 0.00806465 24.7438 -0.0210315 -0.00666647 0.999757 -1.32399
0.997475 -0.0682072 0.0197806 338.465 0.0680817 0.997656 0.00695131 24.8879 -0.0202084 -0.00558706 0.99978 -1.34742
0.997243 -0.0700956 0.024372 340.511 0.069965 0.99753 0.00617273 25.0269 -0.0247445 -0.00445052 0.999684 -1.35633
0.996993 -0.0717423 0.0293017 342.515 0.0717073 0.997423 0.00224551 25.1652 -0.0293873 -0.000137609 0.999568 -1.37751
0.996846 -0.0750461 0.0258011 345.463 0.0751073 0.997174 -0.00141128 25.4007 -0.0256222 0.00334468 0.999666 -1.41655
0.996664 -0.0774017 0.0258805 348.329 0.0774335 0.996997 -0.000228827 25.6274 -0.0257851 0.00223208 0.999665 -1.45177
0.996609 -0.0785285 0.0245787 351.076 0.0784557 0.99691 0.00391518 25.8644 -0.0248102 -0.00197357 0.99969 -1.47586
0.996881 -0.0750766 0.0243127 353.677 0.0749836 0.997174 0.00471533 26.0752 -0.024598 -0.00287757 0.999693 -1.5029
0.997172 -0.0699039 0.0275979 356.116 0.0699368 0.997551 -0.000228269 26.2545 -0.0275144 0.00215774 0.999619 -1.53507
0.997373 -0.0644968 0.0329642 358.365 0.0645927 0.99791 -0.00185397 26.4109 -0.0327757 0.00397835 0.999455 -1.56048
0.997839 -0.0603977 0.0258781 360.387 0.060515 0.99816 -0.00377256 26.5439 -0.0256026 0.00533041 0.999658 -1.57591
0.997905 -0.0578359 0.0290038 362.8 0.0579376 0.998317 -0.00267843 26.6941 -0.0288001 0.00435323 0.999576 -1.60963
0.996797 -0.0766765 0.0227305 364.85 0.0766913 0.997055 0.000221204 26.8702 -0.0226805 0.00152273 0.999742 -1.6211
0.985718 -0.16706 0.0212127 367.118 0.166949 0.985941 0.00694348 27.2752 -0.0220745 -0.00330288 0.999751 -1.6498
0.935598 -0.351884 0.0288805 369.199 0.351645 0.936041 0.0131609 28.0435 -0.0316644 -0.00215767 0.999496 -1.68444
0.845192 -0.533168 0.0371804 370.667 0.532447 0.846 0.0279878 28.9829 -0.0463769 -0.00385843 0.998917 -1.72255
0.738261 -0.673207 0.0419806 371.668 0.672053 0.739453 0.0394251 29.922 -0.057584 -0.000892811 0.99834 -1.81038
0.59805 -0.799442 0.0568131 372.556 0.798933 0.600289 0.0368585 31.0619 -0.0635706 0.0233467 0.997704 -1.87424
0.424758 -0.903163 0.062264 373.249 0.903877 0.426947 0.0268863 32.4129 -0.0508661 0.0448589 0.997698 -1.92653
0.229205 -0.971033 0.0675335 373.644 0.972856 0.230802 0.0167689 33.9088 -0.03187 0.0618569 0.997576 -2.01971
0.0486084 -0.997474 0.0518018 373.689 0.997933 0.0506828 0.0395131 35.4965 -0.0420387 0.0497741 0.997875 -1.99713
-0.0898736 -0.995604 0.0263712 373.428 0.994555 -0.0883134 0.0553268 37.7098 -0.0527547 0.0312 0.99812 -2.09654
-0.121585 -0.992395 0.0192053 373.05 0.992211 -0.120988 0.0296609 40.1047 -0.0271117 0.022662 0.999375 -2.19617
-0.118439 -0.992695 0.0230158 372.809 0.992504 -0.117649 0.0330879 42.1297 -0.0301384 0.0267622 0.999187 -2.26049
-0.114724 -0.993245 0.0173747 372.532 0.992879 -0.114082 0.0343019 44.2331 -0.0320881 0.0211863 0.99926 -2.3048
-0.101743 -0.994787 0.00686026 372.246 0.994342 -0.101481 0.0314099 46.4733 -0.03055 0.0100172 0.999483 -2.3687
-0.0896736 -0.995971 0.000994858 372.013 0.995225 -0.0895677 0.0387945 48.8586 -0.0385491 0.00446895 0.999247 -2.44058
-0.0796304 -0.996819 0.00323985 371.792 0.996173 -0.0794605 0.0364002 51.3898 -0.036027 0.00612601 0.999332 -2.52533
-0.0708003 -0.997484 0.00369331 371.582 0.996226 -0.0705237 0.0506006 54.0463 -0.0502128 0.00726191 0.998712 -2.6286
-0.063828 -0.997928 0.00815978 371.388 0.996846 -0.0633681 0.0477843 56.7585 -0.0471682 0.011184 0.998824 -2.7428
-0.062999 -0.997989 0.00693871 371.207 0.997026 -0.062626 0.0449117 59.5404 -0.0443868 0.00974747 0.998967 -2.84926
-0.0661072 -0.997801 0.00469329 371.013 0.996697 -0.0658102 0.047574 62.3338 -0.0471605 0.00782277 0.998857 -2.94643
-0.069428 -0.997584 0.00261709 370.809 0.996392 -0.0692162 0.0491099 65.109 -0.04881 0.00601724 0.99879 -3.04401
-0.0752818 -0.997156 0.00340694 370.602 0.996139 -0.0750494 0.0455398 67.8552 -0.0451546 0.0068221 0.998957 -3.13098
-0.0866765 -0.996234 -0.00236132 370.358 0.994793 -0.0866782 0.0536004 70.5989 -0.0536032 0.00229687 0.99856 -3.23535
-0.094801 -0.995472 -0.00700901 370.078 0.994395 -0.0950249 0.0463639 73.3085 -0.04682 -0.00257437 0.9989 -3.34014
-0.0979553 -0.995163 -0.00741202 369.802 0.99403 -0.0981979 0.0475575 76.0213 -0.0480553 -0.00270926 0.998841 -3.42897
-0.0931011 -0.995631 -0.00709918 369.539 0.994653 -0.093325 0.0442358 78.6778 -0.044705 -0.00294282 0.998996 -3.52742
-0.0807152 -0.996665 -0.0120329 369.281 0.995527 -0.0812061 0.0482892 81.3576 -0.0491053 -0.00808142 0.998761 -3.61966
-0.0658182 -0.997765 -0.0115084 369.072 0.996483 -0.0663243 0.0512102 83.9859 -0.051859 -0.00809733 0.998622 -3.72591
-0.0500597 -0.998695 -0.0101473 368.903 0.997623 -0.0504825 0.0468989 86.6213 -0.04735 -0.00777548 0.998848 -3.82843
-0.0347504 -0.99934 -0.0105467 368.772 0.998207 -0.0352217 0.0483906 89.2252 -0.0487302 -0.00884621 0.998773 -3.92022
-0.022501 -0.999714 -0.00808227 368.685 0.998303 -0.0229021 0.0535453 91.8265 -0.0537151 -0.00686373 0.998533 -4.02775
-0.0158143 -0.999875 -0.000132121 368.635 0.998582 -0.0158006 0.0508404 94.329 -0.0508361 0.000672071 0.998707 -4.12849
-0.0143787 -0.999877 0.00623515 368.604 0.998721 -0.0140591 0.0485757 96.6568 -0.0484821 0.00692562 0.9988 -4.19973
-0.0209752 -0.999715 0.0113646 368.577 0.998557 -0.0203862 0.0496768 98.7947 -0.049431 0.0123902 0.998701 -4.27179
-0.0428059 -0.998922 0.0179438 368.494 0.99782 -0.0418421 0.0510281 101.301 -0.0502223 0.020089 0.998536 -4.3517
-0.0717657 -0.997266 0.0176164 368.324 0.996228 -0.070805 0.0501556 103.7 -0.0487712 0.0211495 0.998586 -4.43281
-0.0980686 -0.995035 0.0169431 368.097 0.994498 -0.0973575 0.038656 106.015 -0.0368146 0.0206408 0.999109 -4.50134
-0.118303 -0.99288 0.0138853 367.807 0.992459 -0.117778 0.0339726 108.375 -0.0320954 0.0177997 0.999326 -4.56327
-0.131994 -0.991234 0.00577359 367.459 0.990848 -0.131773 0.0292607 110.815 -0.0282434 0.009583 0.999555 -4.62808
-0.133886 -0.99098 0.00579682 367.096 0.990467 -0.133621 0.0334772 113.4 -0.0324006 0.0102237 0.999423 -4.68994
-0.131281 -0.991328 -0.0058511 366.796 0.989468 -0.131393 0.0607311 115.488 -0.0609732 0.00218338 0.998137 -4.76497
-0.121331 -0.992559 -0.010238 366.508 0.991774 -0.121646 0.0398405 117.632 -0.0407894 -0.0053199 0.999154 -4.86391
-0.10914 -0.993919 -0.0145801 366.218 0.991928 -0.10985 0.0633345 119.974 -0.064551 -0.00755008 0.997886 -4.99225
-0.0982816 -0.995128 -0.00786955 365.955 0.994201 -0.0985308 0.0430868 122.416 -0.0436522 -0.00358927 0.99904 -5.09785
-0.0841505 -0.996099 -0.0265493 365.673 0.995274 -0.0853168 0.0463717 125.016 -0.0484559 -0.0225217 0.998571 -5.21594
-0.0632508 -0.99779 -0.0203488 365.458 0.997589 -0.0637952 0.02732 127.724 -0.0285578 -0.0185718 0.99942 -5.33325
-0.0416767 -0.999011 -0.0154911 365.319 0.998436 -0.0422211 0.0366547 130.614 -0.0372725 -0.0139392 0.999208 -5.40771
-0.0260751 -0.999649 -0.00460123 365.226 0.998674 -0.0262535 0.0442837 133.569 -0.044389 -0.00344043 0.999008 -5.52225
-0.0233825 -0.999726 -0.0010487 365.144 0.998792 -0.023406 0.0431988 136.558 -0.0432115 -3.73329e-05 0.999066 -5.62037
-0.025801 -0.999661 -0.00348498 365.082 0.998515 -0.0259384 0.0479164 138.562 -0.0479905 -0.00224352 0.998845 -5.69033
-0.0320166 -0.999483 -0.00283637 365.014 0.9982 -0.0321192 0.0506438 140.576 -0.0507087 -0.00120982 0.998713 -5.7736
-0.0418537 -0.999095 0.00756611 364.912 0.998488 -0.0415557 0.0359847 143.552 -0.0356377 0.00906076 0.999324 -5.87103
-0.0483781 -0.998802 0.00737346 364.822 0.997729 -0.0479772 0.0472673 145.549 -0.0468569 0.00964342 0.998855 -5.93987
-0.0551199 -0.998479 0.00150041 364.637 0.997585 -0.0550068 0.0424103 148.487 -0.0422632 0.00383444 0.999099 -6.0337
-0.0614648 -0.998109 0.000382257 364.451 0.997261 -0.0613968 0.0412477 151.418 -0.0411462 0.00291649 0.999149 -6.13461
-0.0703912 -0.997506 0.00520216 364.262 0.995891 -0.0699775 0.0574834 154.344 -0.056976 0.00922711 0.998333 -6.24158
-0.0795944 -0.996814 0.00510443 364.007 0.995886 -0.0792958 0.0438456 157.221 -0.0433012 0.00857329 0.999025 -6.34419
-0.0844016 -0.996422 0.00449568 363.766 0.995001 -0.0840379 0.0539448 160.099 -0.053374 0.00902624 0.998534 -6.45821
-0.0865794 -0.996216 0.00763593 363.517 0.994507 -0.0859733 0.0597029 162.937 -0.0588205 0.012763 0.998187 -6.5726
-0.0837677 -0.996485 0.000740297 363.246 0.994978 -0.0836002 0.0550404 165.725 -0.054785 0.00534719 0.998484 -6.70189
-0.0793836 -0.996839 0.00313883 363.002 0.995644 -0.0791331 0.0493058 168.492 -0.0489015 0.00703923 0.998779 -6.81427
-0.0768273 -0.997036 0.00418408 362.778 0.995113 -0.0764168 0.0625299 171.24 -0.0620248 0.00896764 0.998034 -6.93733
-0.0732076 -0.997302 0.00537315 362.564 0.99561 -0.0727663 0.0588638 173.856 -0.058314 0.00965884 0.998252 -7.06052
-0.0714238 -0.997439 0.00383353 362.357 0.99537 -0.0710268 0.0647542 176.38 -0.0643161 0.00844078 0.997894 -7.18549
-0.0703467 -0.997417 0.0145436 362.199 0.996245 -0.0695114 0.0516183 178.727 -0.050474 0.0181202 0.998561 -7.2743
-0.0741313 -0.99703 0.0208548 362.039 0.995125 -0.0725935 0.0667508 180.927 -0.0650387 0.0257014 0.997552 -7.37267
-0.0828433 -0.99646 0.014288 361.812 0.995459 -0.0820685 0.0482282 183.515 -0.0468849 0.0182185 0.998734 -7.46938
-0.105486 -0.994378 0.00922729 361.533 0.992837 -0.10479 0.0573918 185.899 -0.0561022 0.0152152 0.998309 -7.56285
-0.177558 -0.983981 0.0159412 361.114 0.98282 -0.176472 0.054066 188.103 -0.0503868 0.0252671 0.99841 -7.64967
-0.324138 -0.945884 0.0154086 360.416 0.944896 -0.322922 0.0537916 190.189 -0.0459048 0.0319953 0.998433 -7.7261
-0.522043 -0.852773 0.0158011 359.386 0.851999 -0.52053 0.0560992 192.016 -0.0396149 0.0427487 0.9983 -7.78589
-0.673704 -0.738977 0.00608015 358.321 0.738033 -0.672377 0.0567169 193.183 -0.0378243 0.0426977 0.998372 -7.81002
-0.811206 -0.584759 0.00140601 357.05 0.583931 -0.809924 0.0552117 194.135 -0.0311468 0.0456091 0.998474 -7.85071
-0.915066 -0.403253 -0.00651514 355.544 0.402495 -0.914132 0.0485777 194.815 -0.0255448 0.0418295 0.998798 -7.89315
-0.975428 -0.220107 -0.00965316 353.918 0.219233 -0.974034 0.0565273 195.225 -0.0218446 0.0530221 0.998354 -7.91011
-0.998355 -0.0561471 -0.0115862 351.574 0.0556621 -0.997702 0.0386249 195.337 -0.0137282 0.0379164 0.999187 -7.92934
-0.999914 0.0131183 -0.000223336 348.989 -0.0131138 -0.99875 0.0482388 195.331 0.000409756 0.0482376 0.998836 -7.9429
-0.998324 0.056972 0.0101561 346.923 -0.056477 -0.997446 0.0437327 195.229 0.0126217 0.0430859 0.998992 -7.91708
-0.996551 0.082423 0.00964546 344.761 -0.0819585 -0.995776 0.0413778 195.03 0.0130152 0.0404446 0.999097 -7.87769
-0.995488 0.0943696 0.00988599 342.462 -0.0939729 -0.994962 0.0349304 194.791 0.0131326 0.0338438 0.999341 -7.84704
-0.993969 0.109576 0.00426064 340.033 -0.109402 -0.993549 0.0298631 194.506 0.00750543 0.0292169 0.999545 -7.80436
-0.992691 0.120396 0.00833864 337.506 -0.120137 -0.9924 0.0266273 194.192 0.0114811 0.0254309 0.999611 -7.77178
-0.992777 0.119238 0.0132967 334.887 -0.118914 -0.992639 0.0229705 193.848 0.0159378 0.0212234 0.999648 -7.72499
-0.993595 0.112586 0.00968333 332.157 -0.112398 -0.993497 0.0181826 193.51 0.0116675 0.0169777 0.999788 -7.66579
-0.99452 0.104437 0.00475677 329.364 -0.104377 -0.994472 0.0114085 193.169 0.00592195 0.0108495 0.999924 -7.62709
-0.995167 0.0975716 -0.011039 326.537 -0.0976923 -0.995156 0.010978 192.863 -0.00991438 0.0120033 0.999879 -7.60123
-0.99584 0.0909849 -0.00494868 323.754 -0.0910266 -0.995808 0.00898379 192.583 -0.00411055 0.00939688 0.999947 -7.58117
-0.996324 0.0855777 -0.00387751 320.964 -0.0856128 -0.996278 0.0100288 192.322 -0.00300483 0.0103239 0.999942 -7.57191
-0.996775 0.080252 7.75169e-05 318.175 -0.0802518 -0.996774 0.00149775 192.057 0.000197464 0.0014867 0.999999 -7.54459
-0.997345 0.0727799 -0.00263183 315.348 -0.0727542 -0.997311 -0.00879844 191.804 -0.0032651 -0.0085836 0.999958 -7.52051
-0.99779 0.0664176 -0.00217558 312.497 -0.0664292 -0.997774 0.00577777 191.611 -0.00178699 0.00590952 0.999981 -7.51209
-0.997893 0.0636166 -0.0127582 309.607 -0.0636502 -0.99797 0.00224902 191.417 -0.0125892 0.00305635 0.999916 -7.50255
-0.997872 0.0651822 -0.00134501 306.753 -0.0651772 -0.997868 -0.00348478 191.195 -0.00156929 -0.0033897 0.999993 -7.49109
-0.997621 0.0689125 0.00179332 303.916 -0.0689161 -0.99762 -0.00200426 190.997 0.00165094 -0.00212308 0.999996 -7.4698
-0.997848 0.0655607 0.00119545 301.101 -0.0655635 -0.997845 -0.00247138 190.781 0.00103085 -0.00254444 0.999996 -7.43474
-0.998357 0.057298 -0.000815372 298.3 -0.0572962 -0.998355 -0.00198367 190.593 -0.000927691 -0.00193369 0.999998 -7.40217
-0.998646 0.0519524 0.00250493 295.515 -0.0519605 -0.998644 -0.00327472 190.428 0.00233141 -0.00340045 0.999992 -7.38098
-0.998662 0.0517038 0.000800694 292.725 -0.0517007 -0.998656 0.00353927 190.271 0.000982612 0.00349314 0.999993 -7.34744
-0.998176 0.060338 0.0020921 289.934 -0.0603079 -0.998104 0.0122935 190.121 0.0028299 0.0121449 0.999922 -7.32144
-0.997339 0.0726334 0.00632654 287.135 -0.0725875 -0.997336 0.00720503 189.903 0.00683302 0.00672663 0.999954 -7.27516
-0.997161 0.0751085 -0.00531706 284.291 -0.0751395 -0.997156 0.0058836 189.673 -0.00486003 0.00626642 0.999969 -7.25919
-0.99693 0.0776594 0.0100186 281.461 -0.0775021 -0.996876 0.0152357 189.448 0.0111704 0.0144125 0.999834 -7.21953
-0.99706 0.0764482 -0.00518618 278.553 -0.0765038 -0.997003 0.0115382 189.203 -0.00428856 0.011901 0.99992 -7.18732
-0.997638 0.0686878 -0.000793453 275.665 -0.0686917 -0.997509 0.016061 188.984 0.000311719 0.0160776 0.999871 -7.16945
-0.998073 0.0612073 -0.01023 272.718 -0.0613859 -0.997949 0.0181627 188.779 -0.00909728 0.0187557 0.999783 -7.15628
-0.998116 0.060947 -0.00710727 269.761 -0.0610651 -0.997975 0.017802 188.587 -0.0060079 0.0182025 0.999816 -7.15885
-0.997495 0.0698504 -0.0111461 266.792 -0.0700331 -0.997401 0.0169404 188.38 -0.00993381 0.0176786 0.999794 -7.13687
-0.997181 0.0748205 -0.00560394 263.853 -0.0749108 -0.997025 0.0181615 188.131 -0.00422841 0.0185301 0.999819 -7.14341
-0.996787 0.0799524 -0.00486177 260.889 -0.0800211 -0.996663 0.01611 187.887 -0.00355751 0.0164473 0.999858 -7.1031
-0.996459 0.0836439 -0.00858967 258.896 -0.0837096 -0.996461 0.00759251 187.693 -0.0079242 0.00828466 0.999934 -7.11254
-0.995752 0.0898331 0.0202053 255.924 -0.0895216 -0.995859 0.0158278 187.432 0.0215435 0.0139517 0.999671 -7.0922
-0.995611 0.0933258 0.00702417 253.911 -0.093162 -0.995433 0.0208451 187.236 0.00893748 0.0200993 0.999758 -7.00758
-0.995569 0.0934786 -0.0102479 251.877 -0.0936465 -0.995454 0.0173529 187.02 -0.0085792 0.0182357 0.999797 -7.00705
-0.99599 0.0894632 -6.90553e-05 248.896 -0.0894465 -0.995788 0.0201265 186.73 0.00173181 0.0200519 0.999797 -6.9975
-0.996481 0.0837154 0.00421904 245.931 -0.0835664 -0.996112 0.0278703 186.474 0.00653582 0.0274197 0.999603 -6.94585
-0.996884 0.0788166 -0.00326168 242.986 -0.0788782 -0.996462 0.0290083 186.219 -0.000963801 0.0291752 0.999574 -6.90117
-0.997229 0.0743768 -0.00171331 240.092 -0.0743961 -0.996874 0.026591 185.98 0.000269799 0.0266448 0.999645 -6.86278
-0.997377 0.0716822 -0.0100794 237.244 -0.0719786 -0.99686 0.0330044 185.77 -0.00768196 0.0336433 0.999404 -6.84579
-0.997393 0.0716844 -0.00831157 234.521 -0.0719792 -0.996461 0.0434045 185.574 -0.00517073 0.0438896 0.999023 -6.82664
-0.99758 0.0695102 0.00168607 231.912 -0.0694194 -0.997063 0.032359 185.362 0.0039304 0.0321637 0.999475 -6.77036
-0.99836 0.0572117 -0.00202553 229.412 -0.0572448 -0.998033 0.0255379 185.177 -0.000560478 0.025612 0.999672 -6.73604
-0.998891 0.0467049 -0.00602729 227.014 -0.0468323 -0.998636 0.0230855 185.041 -0.00494086 0.0233422 0.999715 -6.71157
